5.000000000000000888e+00 1.446649992032908573e-23
5.034693157380139006e+00 1.399408844865480243e-23
5.069627037794075974e+00 1.354519368387070972e-23
5.104803311530234922e+00 1.311812764076800761e-23
5.140223660466546995e+00 1.271134317029966123e-23
5.175889778150882137e+00 1.232342235312621329e-23
5.211803369882009207e+00 1.195306576911141930e-23
5.247966152791137873e+00 1.159908252612301033e-23
5.284379855924021818e+00 1.126038109097271717e-23
5.321046220323622400e+00 1.093596078142993775e-23
5.357966999113356721e+00 1.062490394205472372e-23
5.395143957580921246e+00 1.032636875271331083e-23
5.432578873262690955e+00 1.003958261996839327e-23
5.470273536028714467e+00 9.763836077041057443e-24
5.508229748168283813e+00 9.498477244693780168e-24
5.546449324476114384e+00 9.242906713790448645e-24
5.584934092339116418e+00 8.996572913874927225e-24
5.623685891823758887e+00 8.758967819477770514e-24
5.662706575764059558e+00 8.529623094011633309e-24
5.701998009850164806e+00 8.308106542383923082e-24
5.741562072717556475e+00 8.094018880060852725e-24
5.781400656036880470e+00 7.886990794104045100e-24
5.821515664604382856e+00 7.686680284731322132e-24
5.861909016432995223e+00 7.492770222952469138e-24
5.902582642844026672e+00 7.302918481785347568e-24
5.943538488559517496e+00 7.117049049094481388e-24
5.984778511795218137e+00 6.937047252649153915e-24
6.026304684354212071e+00 6.762660740243266408e-24
6.068118991721204836e+00 6.593653346222864569e-24
6.110223433157442763e+00 6.429803746304980927e-24
6.152620021796308514e+00 6.270904208382240600e-24
6.195310784739581855e+00 6.116759504243066333e-24
6.238297763154347919e+00 5.967185869491547541e-24
6.281583012370603569e+00 5.822010103462028094e-24
6.325168601979518357e+00 5.681068713977707436e-24
6.369056615932393584e+00 5.544207164921186725e-24
6.413249152640303485e+00 5.411279163921806431e-24
6.457748325074419427e+00 5.282146056875545019e-24
6.502556260867045523e+00 5.156676234076540459e-24
6.547675102413337278e+00 5.034744611915653993e-24
6.593107006973743189e+00 4.916232168933875052e-24
6.638854146777149801e+00 4.801025482893921011e-24
6.684918709124731961e+00 4.687322375440933909e-24
6.731302896494550936e+00 4.576738014642966175e-24
6.778008926646843513e+00 4.469216306617507184e-24
6.825039032730071398e+00 4.364661178746208937e-24
6.872395463387687364e+00 4.262980523312143266e-24
6.920080482865659022e+00 4.164085946421189474e-24
6.968096371120712895e+00 4.067892559892748825e-24
7.016445423929364544e+00 3.974318760451502466e-24
7.065129952997670770e+00 3.883286032795672485e-24
7.114152286071764308e+00 3.794718789294760308e-24
7.163514767049155907e+00 3.708544202530360478e-24
7.213219756090789581e+00 3.624692047896573709e-24
7.263269629733905219e+00 3.543094593180569514e-24
7.313666781005652595e+00 3.463686446927167321e-24
7.364413619537513611e+00 3.386404457851338914e-24
7.415512571680523024e+00 3.311187601998164453e-24
7.466966080621261881e+00 3.237976885445302997e-24
7.518776606498691173e+00 3.166715256218857350e-24
7.570946626521762646e+00 3.097347508960637838e-24
7.623478635087869826e+00 3.029820217456970792e-24
7.676375143902114395e+00 2.964081659868128652e-24
7.729638682097387914e+00 2.900081734344998159e-24
7.783271796355308858e+00 2.837771912904231481e-24
7.837277051027977670e+00 2.777105173132778585e-24
7.891657028260587126e+00 2.718035934449916626e-24
7.946414328114890679e+00 2.660520018590059430e-24
8.001551568693503924e+00 2.604514586963299218e-24
8.057071386265098667e+00 2.549978096601560569e-24
8.112976435390438112e+00 2.496870256576235991e-24
8.169269389049306440e+00 2.445151982993189367e-24
8.225952938768314127e+00 2.394785355280496094e-24
8.283029794749570129e+00 2.345733582216027084e-24
8.340502686000293764e+00 2.297960956539914392e-24
8.398374360463268573e+00 2.251432830066898497e-24
8.456647585148241220e+00 2.206115572408434219e-24
8.515325146264222766e+00 2.161976534203336524e-24
8.574409849352699453e+00 2.118984024607233051e-24
8.633904519421777835e+00 2.077107274253235233e-24
8.693812001081255403e+00 2.036316409016213230e-24
8.754135158678622020e+00 1.996582419707324267e-24
8.814876876436029463e+00 1.957877135359755211e-24
8.876040058588174020e+00 1.920173201570497756e-24
8.937627629521175621e+00 1.883444043038679492e-24
8.999642533912386000e+00 1.847663851000681276e-24
9.062087736871186294e+00 1.812807555067571576e-24
9.124966224080763411e+00 1.778850798188968611e-24
9.188281001940856285e+00 1.745769917461633053e-24
9.252035097711509337e+00 1.713541918045207605e-24
9.316231559657802919e+00 1.682144459374240587e-24
9.380873457195605170e+00 1.651555828150684536e-24
9.445963881038332843e+00 1.621754921067890651e-24
9.511505943344722880e+00 1.592721225942976535e-24
9.577502777867637818e+00 1.564434801655046878e-24
9.643957540103892612e+00 1.536876263734912905e-24
9.710873407445131278e+00 1.510026763646044209e-24
9.778253579329746259e+00 1.483867972667056039e-24
9.846101277395861828e+00 1.458382067025913664e-24
9.914419745635354886e+00 1.433551708497200028e-24
9.983212250548969990e+00 1.409360035643202444e-24
1.005248208130249488e+01 1.386423951862754934e-24
1.012223254988401777e+01 1.364255029288189208e-24
1.019246699126231981e+01 1.342630282254477391e-24
1.026318876354625864e+01 1.321536387996720889e-24
1.033440124814541505e+01 1.300960371922454737e-24
1.040610784993169524e+01 1.280889593728617591e-24
1.047831199740216412e+01 1.261311741460565989e-24
1.055101714284298176e+01 1.242214818757544634e-24
1.062422676249441267e+01 1.223587134315663031e-24
1.069794435671711241e+01 1.205417294115459246e-24
1.077217345015942129e+01 1.187694192451059300e-24
1.084691759192592109e+01 1.170407002389258906e-24
1.092218035574714108e+01 1.153545166047377584e-24
1.099796534015037253e+01 1.137098388778932257e-24
1.107427616863180120e+01 1.121056631235144260e-24
1.115111648982969150e+01 1.105410098082913912e-24
1.122848997769887447e+01 1.090149236388047434e-24
1.130640033168639569e+01 1.075264722833437748e-24
1.138485127690839782e+01 1.060747460426185958e-24
1.146384656432824833e+01 1.046588571470353952e-24
1.154338997093584673e+01 1.032779389637703261e-24
1.162348529992824453e+01 1.019311456108347821e-24
1.170413638089146957e+01 1.006176510635679070e-24
1.178534706998363824e+01 9.933664894503687830e-25
1.186712125011933594e+01 9.808735167941652554e-25
1.194946283115524999e+01 9.686899018998420496e-25
1.203237575007712579e+01 9.568081317243492257e-25
1.211586397118800207e+01 9.452208688902229814e-25
1.219993148629774993e+01 9.339209441337024594e-25
1.228458231491395480e+01 9.229013530842800372e-25
1.236982050443406855e+01 9.121552533326259112e-25
1.245565013033894708e+01 9.016759576732843511e-25
1.254207529638770424e+01 8.914569316303963960e-25
1.262910013481392113e+01 8.814917897321955059e-25
1.271672880652324622e+01 8.717742913371759136e-25
1.280496550129229583e+01 8.622983364302081775e-25
1.289381443796900939e+01 8.530579642351761160e-25
1.298327986467436013e+01 8.440473478306216282e-25
1.307336605900545834e+01 8.352607921912041482e-25
1.316407732824010424e+01 8.266927302300312956e-25
1.325541800954269256e+01 8.183377210219766732e-25
1.334739247017160935e+01 8.101904463841728620e-25
1.344000510768803558e+01 8.022457072841579337e-25
1.353326035016620388e+01 7.944984230604168100e-25
1.362716265640514379e+01 7.869436270329998574e-25
1.372171651614182508e+01 7.795764656252150900e-25
1.381692645026585531e+01 7.723921948350362068e-25
1.391279701103562694e+01 7.653861786851891369e-25
1.400933278229597434e+01 7.585538857905122829e-25
1.410653837969735847e+01 7.518908893286116821e-25
1.420441845091651878e+01 7.453928626651717199e-25
1.430297767587871505e+01 7.390555789781720850e-25
1.440222076698148790e+01 7.328749079683412161e-25
1.450215246931995594e+01 7.268468156143566640e-25
1.460277756091373114e+01 7.209673606427920267e-25
1.470410085293531743e+01 7.152326934319797622e-25
1.480612718994017740e+01 7.096390542397001731e-25
1.490886145009836561e+01 7.041827712905879961e-25
1.501230854542774473e+01 6.988602593244957861e-25
1.511647342202888744e+01 6.936680175986119619e-25
1.522136106032151126e+01 6.886026289538880607e-25
1.532697647528264007e+01 6.836607569165678585e-25
1.543332471668636963e+01 6.788391453519364174e-25
1.554041086934531712e+01 6.741346166128398922e-25
1.564824005335375823e+01 6.695440695550806940e-25
1.575681742433239485e+01 6.650644785017539774e-25
1.586614817367488683e+01 6.606928917247027127e-25
1.597623752879606585e+01 6.564264300159577683e-25
1.608709075338185457e+01 6.522622848042396389e-25
1.619871314764099068e+01 6.481977175959150971e-25
1.631111004855834778e+01 6.442300578462788619e-25
1.642428683015022273e+01 6.403567019616862701e-25
1.653824890372121104e+01 6.365751119943277879e-25
1.665300171812294039e+01 6.328828138539692911e-25
1.676855076001465861e+01 6.292773966677862907e-25
1.688490155412545590e+01 6.257565110088325999e-25
1.700205966351853704e+01 6.223178677860609674e-25
1.712003068985712417e+01 6.189592368899529242e-25
1.723882027367231728e+01 6.156784462131775226e-25
1.735843409463281262e+01 6.124733799551863027e-25
1.747887787181637265e+01 6.093419778795349519e-25
1.760015736398340280e+01 6.062822339215936327e-25
1.772227836985217664e+01 6.032921947885547921e-25
1.784524672837614645e+01 6.003699592082763841e-25
1.796906831902314394e+01 5.975136764178113969e-25
1.809374906205639988e+01 5.947215453111393675e-25
1.821929491881772734e+01 5.919918130719891258e-25
1.834571189201246710e+01 5.893227742730437904e-25
1.847300602599650787e+01 5.867127695607266085e-25
1.860118340706534568e+01 5.841601848640992263e-25
1.873025016374496232e+01 5.816634499522636148e-25
1.886021246708499532e+01 5.792210378927880364e-25
1.899107653095367709e+01 5.768314636141157495e-25
1.912284861233499456e+01 5.744932829706128012e-25
1.925553501162785963e+01 5.722050919542762813e-25
1.938914207294728342e+01 5.699655254069009149e-25
1.952367618442780639e+01 5.677732563565422560e-25
1.965914377852884698e+01 5.656269949051598832e-25
1.979555133234229203e+01 5.635254872912233788e-25
1.993290536790221168e+01 5.614675150104280439e-25
2.007121245249660646e+01 5.594518939798862730e-25
2.021047919898153822e+01 5.574774736001128164e-25
2.035071226609719020e+01 5.555431358048226465e-25
2.049191835878630386e+01 5.536477944393332180e-25
2.063410422851477577e+01 5.517903941664233263e-25
2.077727667359437191e+01 5.499699098691573655e-25
2.092144253950791111e+01 5.481853457231064833e-25
2.106660871923644152e+01 5.464357344867901612e-25
2.121278215358888275e+01 5.447201366889701847e-25
2.135996983153390261e+01 5.430376398868981880e-25
2.150817879053397164e+01 5.413873579463822104e-25
2.165741611688200052e+01 5.397684303699753277e-25
2.180768894604002384e+01 5.381800214421959254e-25
2.195900446298042752e+01 5.366213197969541347e-25
2.211136990252950341e+01 5.350915374986887446e-25
2.226479254971327393e+01 5.335899094966156647e-25
2.241927974010593871e+01 5.321156930108834895e-25
2.257483886018050612e+01 5.306681669126418382e-25
2.273147734766199335e+01 5.292466309605236116e-25
2.288920269188310286e+01 5.278504054504641225e-25
2.304802243414216534e+01 5.264788304596728128e-25
2.320794416806389648e+01 5.251312653114351749e-25
2.336897553996231380e+01 5.238070880766204034e-25
2.353112424920640322e+01 5.225056949874038635e-25
2.369439804858827614e+01 5.212264999606280083e-25
2.385880474469372459e+01 5.199689339806244989e-25
2.402435219827565405e+01 5.187324447605139657e-25
2.419104832462978294e+01 5.175164960927491450e-25
2.435890109397316294e+01 5.163205675165729456e-25
2.452791853182525017e+01 5.151441537990955489e-25
2.469810871939160180e+01 5.139867644391827122e-25
2.486947979395032249e+01 5.128479233167047848e-25
2.504203994924105814e+01 5.117271682265989409e-25
2.521579743585680333e+01 5.106240504707833664e-25
2.539076056163837691e+01 5.095381344506838062e-25
2.556693769207162603e+01 5.084689972890590308e-25
2.574433725068747236e+01 5.074162284647349775e-25
2.592296771946456246e+01 5.063794294076463952e-25
2.610283763923488465e+01 5.053582131638109442e-25
2.628395561009211789e+01 5.043522040543158058e-25
2.646633029180280161e+01 5.033610373099021306e-25
2.664997040422045060e+01 5.023843587933930781e-25
2.683488472770237721e+01 5.014218245894205742e-25
2.702108210352958650e+01 5.004731007998015912e-25
2.720857143432946046e+01 4.995378631793278456e-25
2.739736168450142983e+01 4.986157968626145225e-25
2.758746188064564109e+01 4.977065960631107231e-25
2.777888111199438370e+01 4.968099638302464637e-25
2.797162853084689971e+01 4.959256117402341321e-25
2.816571335300678314e+01 4.950532596806660353e-25
2.836114485822271192e+01 4.941926355618648736e-25
2.855793239063217115e+01 4.933434750965183150e-25
2.875608535920806474e+01 4.925055215502945625e-25
2.895561323820880162e+01 4.916785255096235370e-25
2.915652556763112102e+01 4.908622446746864444e-25
2.935883195366627163e+01 4.900564436292487473e-25
2.956254206915940230e+01 4.892608936322020376e-25
2.976766565407184473e+01 4.884753724163694537e-25
2.997421251594705538e+01 4.876996639860519420e-25
3.018219253037934635e+01 4.869335584387760175e-25
3.039161564148614758e+01 4.861768517628820859e-25
3.060249186238350916e+01 4.854293456816775859e-25
3.081483127566470870e+01 4.846908474305159651e-25
3.102864403388251446e+01 4.839611696531787818e-25
3.124394036003446828e+01 4.832401301889464741e-25
3.146073054805171409e+01 4.825275519336586934e-25
3.167902496329126549e+01 4.818232626834665848e-25
3.189883404303140679e+01 4.811270949650864436e-25
3.212016829697096654e+01 4.804388859407350081e-25
3.234303830773163213e+01 4.797584772132786890e-25
3.256745473136400904e+01 4.790857147221729322e-25
3.279342829785717583e+01 4.784204485995263333e-25
3.302096981165151846e+01 4.777625330572577721e-25
3.325009015215560737e+01 4.771118262351328186e-25
3.348080027426610883e+01 4.764681901112277064e-25
3.371311120889170354e+01 4.758314903690113188e-25
3.394703406348055807e+01 4.752015962902650922e-25
3.418258002255118555e+01 4.745783806404258481e-25
3.441976034822749142e+01 4.739617195720919417e-25
3.465858638077703091e+01 4.733514925155449726e-25
3.489906953915329524e+01 4.727475820815267596e-25
3.514122132154175659e+01 4.721498739646558574e-25
3.538505330590944453e+01 4.715582568560876837e-25
3.563057715055874297e+01 4.709726223435004287e-25
3.587780459468464045e+01 4.703928648307330274e-25
3.612674745893606598e+01 4.698188814544302120e-25
3.637741764598116134e+01 4.692505719940635618e-25
3.662982714107614868e+01 4.686878388011715192e-25
3.688398801263866744e+01 4.681305867184847356e-25
3.713991241282458589e+01 4.675787230040682061e-25
3.739761257810909711e+01 4.670321572656441965e-25
3.765710082987187235e+01 4.664908013805666083e-25
3.791838957498595164e+01 4.659545694380615943e-25
3.818149130641122468e+01 4.654233776687519886e-25
3.844641860379156384e+01 4.648971443776198740e-25
3.871318413405634118e+01 4.643757898931676453e-25
3.898180065202618039e+01 4.638592364956310283e-25
3.925228100102253848e+01 4.633474083680491276e-25
3.952463811348211919e+01 4.628402315368176567e-25
3.979888501157492442e+01 4.623376338160864025e-25
4.007503480782702354e+01 4.618395447584138089e-25
4.035310070574752928e+01 4.613458956017862524e-25
4.063309600045972303e+01 4.608566192222671097e-25
4.091503407933696224e+01 4.603716500829154667e-25
4.119892842264259514e+01 4.598909241919567033e-25
4.148479260417452963e+01 4.594143790539668757e-25
4.177264029191434958e+01 4.589419536285152443e-25
4.206248524868058780e+01 4.584735882882572567e-25
4.235434133278702973e+01 4.580092247772191919e-25
4.264822249870512394e+01 4.575488061723543529e-25
4.294414279773126708e+01 4.570922768444375829e-25
4.324211637865862912e+01 4.566395824203656930e-25
4.354215748845361134e+01 4.561906697497419226e-25
4.384428047293715025e+01 4.557454868672039167e-25
4.414849977747045529e+01 4.553039829604319131e-25
4.445482994764580553e+01 4.548661083373095621e-25
4.476328562998200056e+01 4.544318143935743223e-25
4.507388157262457895e+01 4.540010535823130152e-25
4.538663262605113857e+01 4.535737793847265451e-25
4.570155374378115454e+01 4.531499462809173044e-25
4.601865998309111916e+01 4.527295097213355884e-25
4.633796650573440701e+01 4.523124261021449993e-25
4.665948857866618482e+01 4.518986527346223081e-25
4.698324157477347285e+01 4.514881478242754397e-25
4.730924097361000236e+01 4.510808704432924575e-25
4.763750236213646616e+01 4.506767805074728534e-25
4.796804143546572874e+01 4.502758387536664137e-25
4.830087399761322331e+01 4.498780067159791928e-25
4.863601596225270640e+01 4.494832467048887443e-25
4.897348335347697201e+01 4.490915217859775908e-25
4.931329230656412221e+01 4.487027957600029933e-25
4.965545906874899629e+01 4.483170331414101079e-25
4.999999999999999289e+01 4.479341991411374426e-25
5.034693157380139894e+01 4.475542596458435758e-25
5.069627037794075619e+01 4.471771812019184131e-25
5.104803311530231724e+01 4.468029309960996525e-25
5.140223660466548239e+01 4.464314768396871811e-25
5.175889778150880716e+01 4.460627871516809762e-25
5.211803369882010628e+01 4.456968309417316613e-25
5.247966152791137517e+01 4.453335777968294106e-25
5.284379855924019154e+01 4.449729978637370121e-25
5.321046220323622578e+01 4.446150618362975592e-25
5.357966999113354944e+01 4.442597409399927715e-25
5.395143957580922489e+01 4.439070069192356250e-25
5.432578873262691133e+01 4.435568320226168880e-25
5.470273536028711447e+01 4.432091889917826487e-25
5.508229748168283635e+01 4.428640510468799500e-25
5.546449324476112963e+01 4.425213918761425528e-25
5.584934092339118195e+01 4.421811856229519570e-25
5.623685891823758709e+01 4.418434068742011099e-25
5.662706575764056538e+01 4.415080306504308143e-25
5.701998009850164806e+01 4.411750323934466304e-25
5.741562072717555054e+01 4.408443879568881972e-25
5.781400656036881713e+01 4.405160735955451819e-25
5.821515664604383034e+01 4.401900659556222589e-25
5.861909016432991848e+01 4.398663420649504559e-25
5.902582642844026850e+01 4.395448793239396123e-25
5.943538488559515542e+01 4.392256554964599413e-25
5.984778511795219202e+01 4.389086487005207271e-25
6.026304684354212071e+01 4.385938374005352045e-25
6.068118991721201638e+01 4.382812003985595443e-25
6.110223433157442230e+01 4.379707168262553194e-25
6.152620021796307270e+01 4.376623661370000084e-25
6.195310784739583454e+01 4.373561280985300548e-25
6.238297763154347564e+01 4.370519827854985175e-25
6.281583012370606411e+01 4.367499105720953549e-25
6.325168601979518002e+01 4.364498921251853842e-25
6.369056615932391452e+01 4.361519083975737091e-25
6.413249152640305795e+01 4.358559406214853079e-25
6.457748325074419427e+01 4.355619703019388267e-25
6.502556260867048366e+01 4.352699792108124453e-25
6.547675102413337811e+01 4.349799493806100836e-25
6.593107006973741591e+01 4.346918630985138597e-25
6.638854146777151755e+01 4.344057029010939975e-25
6.684918709124731606e+01 4.341214515681697158e-25
6.731302896494554489e+01 4.338390921179379983e-25
6.778008926646843690e+01 4.335586078013559242e-25
6.825039032730067845e+01 4.332799820972977234e-25
6.872395463387690029e+01 4.330031987074701206e-25
6.920080482865657245e+01 4.327282415516232977e-25
6.968096371120716981e+01 4.324550947627615811e-25
7.016445423929364722e+01 4.321837426827314807e-25
7.065129952997666862e+01 4.319141698577957697e-25
7.114152286071765730e+01 4.316463610340750467e-25
7.163514767049153420e+01 4.313803011536756750e-25
7.213219756090792600e+01 4.311159753503804024e-25
7.263269629733905219e+01 4.308533689457245058e-25
7.313666781005647977e+01 4.305924674451288739e-25
7.364413619537515387e+01 4.303332565342479852e-25
7.415512571680521603e+01 4.300757220750572565e-25
7.466966080621266144e+01 4.298198501025600058e-25
7.518776606498691706e+01 4.295656268211259709e-25
7.570946626521758560e+01 4.293130386011913849e-25
7.623478635087872135e+01 4.290620719759011945e-25
7.676375143902112086e+01 4.288127136381057640e-25
7.729638682097392177e+01 4.285649504369367888e-25
7.783271796355309391e+01 4.283187693750095271e-25
7.837277051027973584e+01 4.280741576053781774e-25
7.891657028260588902e+01 4.278311024286346120e-25
7.946414328114889258e+01 4.275895912901130874e-25
8.001551568693507477e+01 4.273496117772325261e-25
8.057071386265099022e+01 4.271111516167386038e-25
8.112976435390434915e+01 4.268741986721018667e-25
8.169269389049308927e+01 4.266387409411116413e-25
8.225952938768311640e+01 4.264047665533062018e-25
8.283029794749575103e+01 4.261722637675766902e-25
8.340502686000294830e+01 4.259412209698726981e-25
8.398374360463265020e+01 4.257116266708851654e-25
8.456647585148242285e+01 4.254834695038922870e-25
8.515325146264220280e+01 4.252567382224920940e-25
8.574409849352703361e+01 4.250314216986041141e-25
8.633904519421778900e+01 4.248075089202925938e-25
8.693812001081251140e+01 4.245849889898793716e-25
8.754135158678624862e+01 4.243638511219143134e-25
8.814876876436026976e+01 4.241440846413032454e-25
8.876040058588178283e+01 4.239256789814192659e-25
8.937627629521176686e+01 4.237086236823601664e-25
8.999642533912381737e+01 4.234929083890723246e-25
9.062087736871187360e+01 4.232785228497545111e-25
9.124966224080760924e+01 4.230654569140999747e-25
9.188281001940860904e+01 4.228537005316886786e-25
9.252035097711508627e+01 4.226432437503732907e-25
9.316231559657798300e+01 4.224340767147598584e-25
9.380873457195606591e+01 4.222261896646797564e-25
9.445963881038331067e+01 4.220195729337028713e-25
9.511505943344727143e+01 4.218142169477269156e-25
9.577502777867637462e+01 4.216101122235215601e-25
9.643957540103887993e+01 4.214072493674399815e-25
9.710873407445130567e+01 4.212056190740533609e-25
9.778253579329744127e+01 4.210052121248094423e-25
9.846101277395865736e+01 4.208060193868773341e-25
9.914419745635355241e+01 4.206080318118794443e-25
9.983212250548965017e+01 4.204112404346200185e-25
1.005248208130249452e+02 4.202156363720404190e-25
1.012223254988401777e+02 4.200212108220482221e-25
1.019246699126232016e+02 4.198279550624353045e-25
1.026318876354625900e+02 4.196358604497819701e-25
1.033440124814540866e+02 4.194449184184482287e-25
1.040610784993169489e+02 4.192551204796442377e-25
1.047831199740216306e+02 4.190664582203334183e-25
1.055101714284298140e+02 4.188789233024092424e-25
1.062422676249441338e+02 4.186925074617699901e-25
1.069794435671710602e+02 4.185072025073902925e-25
1.077217345015942129e+02 4.183230003206209784e-25
1.084691759192592002e+02 4.181398928542237906e-25
1.092218035574714037e+02 4.179578721317580175e-25
1.099796534015037253e+02 4.177769302467403815e-25
1.107427616863179480e+02 4.175970593620098126e-25
1.115111648982969115e+02 4.174182517091026005e-25
1.122848997769886807e+02 4.172404995874710575e-25
1.130640033168639604e+02 4.170637953641729311e-25
1.138485127690839818e+02 4.168881314730956695e-25
1.146384656432825437e+02 4.167135004145978960e-25
1.154338997093584709e+02 4.165398947550325987e-25
1.162348529992823813e+02 4.163673071263647282e-25
1.170413638089146957e+02 4.161957302258420583e-25
1.178534706998363788e+02 4.160251568157314353e-25
1.186712125011934233e+02 4.158555797230220567e-25
1.194946283115525034e+02 4.156869918393897480e-25
1.203237575007711939e+02 4.155193861210784943e-25
1.211586397118800136e+02 4.153527555889054914e-25
1.219993148629774993e+02 4.151870933283890730e-25
1.228458231491396191e+02 4.150223924898896776e-25
1.236982050443406962e+02 4.148586462890154863e-25
1.245565013033894104e+02 4.146958480069130821e-25
1.254207529638770353e+02 4.145339909910483270e-25
1.262910013481392184e+02 4.143730686556997024e-25
1.271672880652325262e+02 4.142130744829977948e-25
1.280496550129229547e+02 4.140540020239979350e-25
1.289381443796900157e+02 4.138958448999706697e-25
1.298327986467436119e+02 4.137385968039857409e-25
1.307336605900545976e+02 4.135822515028015547e-25
1.316407732824011134e+02 4.134268028389658728e-25
1.325541800954269434e+02 4.132722447335476427e-25
1.334739247017160153e+02 4.131185711890305967e-25
1.344000510768803451e+02 4.129657762929191724e-25
1.353326035016620494e+02 4.128138542219130789e-25
1.362716265640515019e+02 4.126627992466668093e-25
1.372171651614182508e+02 4.125126057375567721e-25
1.381692645026584785e+02 4.123632681712894518e-25
1.391279701103562729e+02 4.122147811387338290e-25
1.400933278229597363e+02 4.120671393540809611e-25
1.410653837969736628e+02 4.119203376656396119e-25
1.420441845091651771e+02 4.117743710686508390e-25
1.430297767587870794e+02 4.116292347204084330e-25
1.440222076698148612e+02 4.114849239582384248e-25
1.450215246931995523e+02 4.113414343209935510e-25
1.460277756091373931e+02 4.111987615747524990e-25
1.470410085293531779e+02 4.110569017437660354e-25
1.480612718994017030e+02 4.109158511477765643e-25
1.490886145009836525e+02 4.107756064475683036e-25
1.501230854542774296e+02 4.106361647003288445e-25
1.511647342202889490e+02 4.104975234278532623e-25
1.522136106032151304e+02 4.103596807006468341e-25
1.532697647528263190e+02 4.102226352428627054e-25
1.543332471668637140e+02 4.100863865634097339e-25
1.554041086934531677e+02 4.099509351219652610e-25
1.564824005335376569e+02 4.098162825398188040e-25
1.575681742433239378e+02 4.096824318711649480e-25
1.586614817367487831e+02 4.095493879546115598e-25
1.597623752879606513e+02 4.094171578738828398e-25
1.608709075338185528e+02 4.092857515681631261e-25
1.619871314764099282e+02 4.091551826507266810e-25
1.631111004855834778e+02 4.090254695216292356e-25
1.642428683015021704e+02 4.088966369018541615e-25
1.653824890372121104e+02 4.087687179834172242e-25
1.665300171812293968e+02 4.086417574952996727e-25
1.676855076001465932e+02 4.085158161630820541e-25
1.688490155412545448e+02 4.083909773382160533e-25
1.700205966351852851e+02 4.082673570995457948e-25
1.712003068985712559e+02 4.081451200799381424e-25
1.723882027367231728e+02 4.080245050678268687e-25
1.735843409463281262e+02 4.079058679735269468e-25
1.747887787181637407e+02 4.077897571075373736e-25
1.760015736398339357e+02 4.076770519634943052e-25
1.772227836985217664e+02 4.075692352697680335e-25
1.784524672837614503e+02 4.074689680895636453e-25
1.796906831902314536e+02 4.073814271559079521e-25
1.809374906205640059e+02 4.073178279853417246e-25
1.821929491881772094e+02 4.073064444220867227e-25
1.834571189201246852e+02 4.074370844605594457e-25
1.847300602599650858e+02 4.081381607288260972e-25
1.860118340706534639e+02 4.150477011116351688e-25
1.873025016374496374e+02 4.355352188081461656e-25
1.886021246708498609e+02 4.083254054519895960e-25
1.899107653095367994e+02 4.069125167893031504e-25
1.912284861233499385e+02 4.064780595269011139e-25
1.925553501162786176e+02 4.062393182444262670e-25
1.938914207294728271e+02 4.060647026203092311e-25
1.952367618442779644e+02 4.059172939407163763e-25
1.965914377852884911e+02 4.057835119002325202e-25
1.979555133234229061e+02 4.056574255717350669e-25
1.993290536790221097e+02 4.055361151880266404e-25
2.007121245249660717e+02 4.054180097796141522e-25
2.021047919898154817e+02 4.053022038019650916e-25
2.035071226609719020e+02 4.051881456254411131e-25
2.049191835878630457e+02 4.050754835564664103e-25
2.063410422851477790e+02 4.049639845866286924e-25
2.077727667359437476e+02 4.048534891433830383e-25
2.092144253950791892e+02 4.047438847228016363e-25
2.106660871923644152e+02 4.046350899201029661e-25
2.121278215358888133e+02 4.045270444298531867e-25
2.135996983153390261e+02 4.044197025996126052e-25
2.150817879053397235e+02 4.043130291665836136e-25
2.165741611688201260e+02 4.042069963732646132e-25
2.180768894604002526e+02 4.041015819761472944e-25
2.195900446298042823e+02 4.039967678458225260e-25
2.211136990252950341e+02 4.038925389662759079e-25
2.226479254971327464e+02 4.037888827090270799e-25
2.241927974010595221e+02 4.036857882994002319e-25
2.257483886018050612e+02 4.035832464190629229e-25
2.273147734766199335e+02 4.034812489068085403e-25
2.288920269188310215e+02 4.033797885307987128e-25
2.304802243414216605e+02 4.032788588136728022e-25
2.320794416806390643e+02 4.031784538969624819e-25
2.336897553996231522e+02 4.030785684351441551e-25
2.353112424920640535e+02 4.029791975123418188e-25
2.369439804858827756e+02 4.028803365762087658e-25
2.385880474469372530e+02 4.027819813853247183e-25
2.402435219827566755e+02 4.026841279668898779e-25
2.419104832462978152e+02 4.025867725828723868e-25
2.435890109397315086e+02 4.024899117023222224e-25
2.452791853182525017e+02 4.023935419792024291e-25
2.469810871939160108e+02 4.022976602341697830e-25
2.486947979395033599e+02 4.022022634397001504e-25
2.504203994924105814e+02 4.021073487080836140e-25
2.521579743585679125e+02 4.020129132815475655e-25
2.539076056163837620e+02 4.019189545242314767e-25
2.556693769207162745e+02 4.018254699155784175e-25
2.574433725068748231e+02 4.017324570452408950e-25
2.592296771946456033e+02 4.016399136087647687e-25
2.610283763923487186e+02 4.015478374043175653e-25
2.628395561009211860e+02 4.014562263301631858e-25
2.646633029180280232e+02 4.013650783827130648e-25
2.664997040422045984e+02 4.012743916551751783e-25
2.683488472770237649e+02 4.011841643367554426e-25
2.702108210352957371e+02 4.010943947121258942e-25
2.720857143432946259e+02 4.010050811614058186e-25
2.739736168450143055e+02 4.009162221604433629e-25
2.758746188064563967e+02 4.008278162813777074e-25
2.777888111199438299e+02 4.007398621934682480e-25
2.797162853084688550e+02 4.006523586642708715e-25
2.816571335300678243e+02 4.005653045610180128e-25
2.836114485822271263e+02 4.004786988521798594e-25
2.855793239063216902e+02 4.003925406094043751e-25
2.875608535920806617e+02 4.003068290095453961e-25
2.895561323820878670e+02 4.002215633371386072e-25
2.915652556763112102e+02 4.001367429869665072e-25
2.935883195366627092e+02 4.000523674669948954e-25
2.956254206915940017e+02 3.999684364016956626e-25
2.976766565407184544e+02 3.998849495356233715e-25
2.997421251594703904e+02 3.998019067374826038e-25
3.018219253037934777e+02 3.997193080047531641e-25
3.039161564148614616e+02 3.996371534687779033e-25
3.060249186238351058e+02 3.995554434007860718e-25
3.081483127566470444e+02 3.994741782186301872e-25
3.102864403388250025e+02 3.993933584948878081e-25
3.124394036003446899e+02 3.993129849662414278e-25
3.146073054805171409e+02 3.992330585449667736e-25
3.167902496329126620e+02 3.991535803328209510e-25
3.189883404303140537e+02 3.990745516383903526e-25
3.212016829697095091e+02 3.989959739990227194e-25
3.234303830773163213e+02 3.989178492090152661e-25
3.256745473136401188e+02 3.988401793567085068e-25
3.279342829785717299e+02 3.987629668740694798e-25
3.302096981165151988e+02 3.986862146045449083e-25
3.325009015215558748e+02 3.986099258978104997e-25
3.348080027426610741e+02 3.985341047449975657e-25
3.371311120889170638e+02 3.984587559768645175e-25
3.394703406348055523e+02 3.983838855614946678e-25
3.418258002255118981e+02 3.983095010649674159e-25
3.441976034822747579e+02 3.982356123876018127e-25
3.465858638077702949e+02 3.981622329847209907e-25
3.489906953915329382e+02 3.980893819776849070e-25
3.514122132154175802e+02 3.980170879903075430e-25
3.538505330590944027e+02 3.979453965436984596e-25
3.563057715055872450e+02 3.978743853741677026e-25
3.587780459468463619e+02 3.978041991543909711e-25
3.612674745893606314e+02 3.977351379366888353e-25
3.637741764598115992e+02 3.976679210782498906e-25
3.662982714107614584e+02 3.976046785315369315e-25
3.688398801263868449e+02 3.975543728830235536e-25
3.713991241282458873e+02 3.975986381009559662e-25
3.739761257810910138e+02 4.078448971146756863e-25
3.765710082987187093e+02 3.974071324271223544e-25
3.791838957498594596e+02 3.972733754326105178e-25
3.818149130641124316e+02 3.971933594476145062e-25
3.844641860379156242e+02 3.971225307468479882e-25
3.871318413405634260e+02 3.970548283858688263e-25
3.898180065202618039e+02 3.969887079627400378e-25
3.925228100102253848e+02 3.969236363850704945e-25
3.952463811348213767e+02 3.968593937894786867e-25
3.979888501157492442e+02 3.967958791411975221e-25
4.007503480782701786e+02 3.967330433481047326e-25
4.035310070574753354e+02 3.966708625804738705e-25
4.063309600045972161e+02 3.966093263912911505e-25
4.091503407933698213e+02 3.965484319563500284e-25
4.119892842264259230e+02 3.964881810853723169e-25
4.148479260417452679e+02 3.964285785832401233e-25
4.177264029191435384e+02 3.963696313100927449e-25
4.206248524868058780e+02 3.963113476219750749e-25
4.235434133278704962e+02 3.962537370280662050e-25
4.264822249870512110e+02 3.961968099757314668e-25
4.294414279773124008e+02 3.961405777137534804e-25
4.324211637865862485e+02 3.960850522047247649e-25
4.354215748845361418e+02 3.960302460691673080e-25
4.384428047293717441e+02 3.959761725508060292e-25
4.414849977747045386e+02 3.959228454960286695e-25
4.445482994764578280e+02 3.958702793433973507e-25
4.476328562998199914e+02 3.958184891200981693e-25
4.507388157262458321e+02 3.957674904436502554e-25
4.538663262605115847e+02 3.957172995273149291e-25
4.570155374378115312e+02 3.956679331886291466e-25
4.601865998309110068e+02 3.956194088600389488e-25
4.633796650573440843e+02 3.955717446016577534e-25
4.665948857866619051e+02 3.955249591154850609e-25
4.698324157477349559e+02 3.954790717611665743e-25
4.730924097361000236e+02 3.954341025730773456e-25
4.763750236213644484e+02 3.953900722786311567e-25
4.796804143546572732e+02 3.953470023181267213e-25
4.830087399761322331e+02 3.953049148658716853e-25
4.863601596225273056e+02 3.952638328531528889e-25
4.897348335347697343e+02 3.952237799931937645e-25
4.931329230656409663e+02 3.951847808087773976e-25
4.965545906874899629e+02 3.951468606632809557e-25
4.999999999999999432e+02 3.951100457966719421e-25
5.034693157380134494e+02 3.950743633684377094e-25
5.069627037794076045e+02 3.950398415111679809e-25
5.104803311530232008e+02 3.950065094006809875e-25
5.140223660466548381e+02 3.949743973531873042e-25
5.175889778150880147e+02 3.949435369681882708e-25
5.211803369882004517e+02 3.949139613523942113e-25
5.247966152791137802e+02 3.948857054950382905e-25
5.284379855924019012e+02 3.948588069413444574e-25
5.321046220323622720e+02 3.948333070967756660e-25
5.357966999113355087e+02 3.948092539796450998e-25
5.395143957580917231e+02 3.947867086661361134e-25
5.432578873262691559e+02 3.947657625222189470e-25
5.470273536028711305e+02 3.947465924343169930e-25
5.508229748168283777e+02 3.947296929752151940e-25
5.546449324476112679e+02 3.947174428950237048e-25
5.584934092339112794e+02 3.947507493732156882e-25
5.623685891823758993e+02 3.947505372122317086e-25
5.662706575764057106e+02 3.946778821243118948e-25
5.701998009850165090e+02 3.946638571738638138e-25
5.741562072717555338e+02 3.946549064926244443e-25
5.781400656036876171e+02 3.946485445117356619e-25
5.821515664604382891e+02 3.946443583016710372e-25
5.861909016432991848e+02 3.946422651325459974e-25
5.902582642844026850e+02 3.946422683644215588e-25
5.943538488559515827e+02 3.946444013943415584e-25
5.984778511795212808e+02 3.946487106678647221e-25
6.026304684354212213e+02 3.946552495081728527e-25
6.068118991721202065e+02 3.946640755737549486e-25
6.110223433157442514e+02 3.946752497146997347e-25
6.152620021796307128e+02 3.946888354282996176e-25
6.195310784739577912e+02 3.947048985946718575e-25
6.238297763154347422e+02 3.947235073524388831e-25
6.281583012370599590e+02 3.947447320489204376e-25
6.325168601979518144e+02 3.947686452322977609e-25
6.369056615932391878e+02 3.947953216684543828e-25
6.413249152640298689e+02 3.948248383733548398e-25
6.457748325074419427e+02 3.948572746554760718e-25
6.502556260867041829e+02 3.948927121655404759e-25
6.547675102413337527e+02 3.949312349513769627e-25
6.593107006973741591e+02 3.949729295172908135e-25
6.638854146777144933e+02 3.950178848872628028e-25
6.684918709124732459e+02 3.950661926719201875e-25
6.731302896494547667e+02 3.951179471397181249e-25
6.778008926646843975e+02 3.951732452929634379e-25
6.825039032730068129e+02 3.952321869506738344e-25
6.872395463387682639e+02 3.952948748409575288e-25
6.920080482865656677e+02 3.953614147088803688e-25
6.968096371120709591e+02 3.954319154506221588e-25
7.016445423929365006e+02 3.955064892964265601e-25
7.065129952997667715e+02 3.955852520902876551e-25
7.114152286071758908e+02 3.956683237787247234e-25
7.163514767049153988e+02 3.957558293958930682e-25
7.213219756090785495e+02 3.958479013752910026e-25
7.263269629733905504e+02 3.959446859991984106e-25
7.313666781005648545e+02 3.960463658920751354e-25
7.364413619537507429e+02 3.961532698423361938e-25
7.415512571680520750e+02 3.962668935616818399e-25
7.466966080621258470e+02 3.965941441416377774e-25
7.518776606498690853e+02 3.965074396465948085e-25
7.570946626521758844e+02 3.966314669986450072e-25
7.623478635087872135e+02 3.967642439056923170e-25
7.676375143902112086e+02 3.969032405723059000e-25
7.729638682097383935e+02 3.970483418328840196e-25
7.783271796355309107e+02 3.971996517555704860e-25
7.837277051027973584e+02 3.973573220419221423e-25
7.891657028260589186e+02 3.975215217717964444e-25
7.946414328114889258e+02 3.976924827042626907e-25
8.001551568693499803e+02 3.978702274944509916e-25
8.057071386265098454e+02 3.980551096336302149e-25
8.112976435390434062e+02 3.982472716847855834e-25
8.169269389049309211e+02 3.984469155135119200e-25
8.225952938768310787e+02 3.986542486294646383e-25
8.283029794749566008e+02 3.988694841447310798e-25
8.340502686000294261e+02 3.990928408568835517e-25
8.398374360463265020e+02 3.993245433566760990e-25
8.456647585148242570e+02 3.995648221475755201e-25
8.515325146264220848e+02 3.998139137733578345e-25
8.574409849352695119e+02 4.000720609525165114e-25
8.633904519421778332e+02 4.003395127200901329e-25
8.693812001081250855e+02 4.006165245790413631e-25
8.754135158678624293e+02 4.009033586670469228e-25
8.814876876436027260e+02 4.012002839508792643e-25
8.876040058588170041e+02 4.015075764771354294e-25
8.937627629521176686e+02 4.018255197512038929e-25
8.999642533912381168e+02 4.021544054448532488e-25
9.062087736871186507e+02 4.024945350799351058e-25
9.124966224080760639e+02 4.028462252484557580e-25
9.188281001940850956e+02 4.032098300923366350e-25
9.252035097711509479e+02 4.035859068778020444e-25
9.316231559657798016e+02 4.039810101478638328e-25
9.380873457195606306e+02 4.043775013392106017e-25
9.445963881038330783e+02 4.047890230089258258e-25
9.511505943344717480e+02 4.052164610385185318e-25
9.577502777867638315e+02 4.056579782325908469e-25
9.643957540103887141e+02 4.061137983943658353e-25
9.710873407445130852e+02 4.065842705958200011e-25
9.778253579329743843e+02 4.070697729993151242e-25
9.846101277395855504e+02 4.075706982856150960e-25
9.914419745635356094e+02 4.080874502764612440e-25
9.983212250548965585e+02 4.086204429902406446e-25
1.005248208130249395e+03 4.091701003905287795e-25
1.012223254988401777e+03 4.097368563715833840e-25
1.019246699126230965e+03 4.103211548360133082e-25
1.026318876354625900e+03 4.109234498127240842e-25
1.033440124814540923e+03 4.115442055939417212e-25
1.040610784993169545e+03 4.121838968827668632e-25
1.047831199740216334e+03 4.128430089484850978e-25
1.055101714284297032e+03 4.135220377910520436e-25
1.062422676249441338e+03 4.142214903215427998e-25
1.069794435671710517e+03 4.149418845779976875e-25
1.077217345015942101e+03 4.156837500294825988e-25
1.084691759192592144e+03 4.164476281304106682e-25
1.092218035574712985e+03 4.172340737172167687e-25
1.099796534015037196e+03 4.180436600414974789e-25
1.107427616863179537e+03 4.188770076210851783e-25
1.115111648982969200e+03 4.197352108293979481e-25
1.122848997769886864e+03 4.206241268976538932e-25
1.130640033168638411e+03 4.215250027291057684e-25
1.138485127690839818e+03 4.224588500545798067e-25
1.146384656432824158e+03 4.234195980178297345e-25
1.154338997093584794e+03 4.244077732147703915e-25
1.162348529992823842e+03 4.254240171391551130e-25
1.170413638089145707e+03 4.264689975304205793e-25
1.178534706998363845e+03 4.275433980795217799e-25
1.186712125011933040e+03 4.286479163398307799e-25
1.194946283115524921e+03 4.297832631913259156e-25
1.203237575007711939e+03 4.309501627072613479e-25
1.211586397118798914e+03 4.321493521471962887e-25
1.219993148629774851e+03 4.333815819949712749e-25
1.228458231491394827e+03 4.346476160141242776e-25
1.236982050443406933e+03 4.359482313125110249e-25
1.245565013033894047e+03 4.372842184181290709e-25
1.254207529638769074e+03 4.386563813814360385e-25
1.262910013481392070e+03 4.400655379543867758e-25
1.271672880652324011e+03 4.415125200220371380e-25
1.280496550129229490e+03 4.429981750497792952e-25
1.289381443796900385e+03 4.445233732948075470e-25
1.298327986467434812e+03 4.460890808834852165e-25
1.307336605900545919e+03 4.478285645687370297e-25
1.316407732824009827e+03 4.493449625918456257e-25
1.325541800954269320e+03 4.510369314315334229e-25
1.334739247017160324e+03 4.527730458686127577e-25
1.344000510768802087e+03 4.545541355922707630e-25
1.353326035016620381e+03 4.563811408588229735e-25
1.362716265640513711e+03 4.582550251043261784e-25
1.372171651614182565e+03 4.601767672821175775e-25
1.381692645026584842e+03 4.621473604178479014e-25
1.391279701103562729e+03 4.641678111974693552e-25
1.400933278229597590e+03 4.662391398026129621e-25
1.410653837969735150e+03 4.683623798204254826e-25
1.420441845091651885e+03 4.705385781817081062e-25
1.430297767587870794e+03 4.727687951175905770e-25
1.440222076698148840e+03 4.750541041465583270e-25
1.450215246931995580e+03 4.773955921466150648e-25
1.460277756091372339e+03 4.797943597389758865e-25
1.470410085293531665e+03 4.822515232216242494e-25
1.480612718994017087e+03 4.847682298486591023e-25
1.490886145009836582e+03 4.873463193535591137e-25
1.501230854542774523e+03 4.899848256728686428e-25
1.511647342202888012e+03 4.926867527116893533e-25
1.522136106032151247e+03 4.954529779544752277e-25
1.532697647528263133e+03 4.982845515274894622e-25
1.543332471668637027e+03 5.011826650244910511e-25
1.554041086934531677e+03 5.041485306366193557e-25
1.564824005335374977e+03 5.071833744302889764e-25
1.575681742433239378e+03 5.102884352499658769e-25
1.586614817367487831e+03 5.134649644194942896e-25
1.597623752879606627e+03 5.167142256253819732e-25
1.608709075338185585e+03 5.200374948613028291e-25
1.619871314764097406e+03 5.234360604104285779e-25
1.631111004855834835e+03 5.269112228837796300e-25
1.642428683015021534e+03 5.304642954226454886e-25
1.653824890372120990e+03 5.340966046645324469e-25
1.665300171812294138e+03 5.378094980769863335e-25
1.676855076001464113e+03 5.416046310399385735e-25
1.688490155412545391e+03 5.454824490922262307e-25
1.700205966351852794e+03 5.494450889436422016e-25
1.712003068985712616e+03 5.534938525913178766e-25
1.723882027367231785e+03 5.576300625690116998e-25
1.735843409463279386e+03 5.618551243415150775e-25
1.747887787181637350e+03 5.661704600980217710e-25
1.760015736398339186e+03 5.705775053585839802e-25
1.772227836985217436e+03 5.750777085439516648e-25
1.784524672837614617e+03 5.796725309709455052e-25
1.796906831902312661e+03 5.843634469571843573e-25
1.809374906205639945e+03 5.891519439831289853e-25
1.821929491881772037e+03 5.940395229376947188e-25
1.834571189201246852e+03 5.990276986534890200e-25
1.847300602599651029e+03 6.041180024051287494e-25
1.860118340706532763e+03 6.093120285520081811e-25
1.873025016374496317e+03 6.146112722925137980e-25
1.886021246708498438e+03 6.200171193119744246e-25
1.899107653095367823e+03 6.255314605607476376e-25
1.912284861233499214e+03 6.311557819004361668e-25
1.925553501162784187e+03 6.368916935104511444e-25
1.938914207294728385e+03 6.427408246342694226e-25
1.952367618442779758e+03 6.487048208255355504e-25
1.965914377852884854e+03 6.547853438829711617e-25
1.979555133234229061e+03 6.609840721230668892e-25
1.993290536790218994e+03 6.673027007451466457e-25
2.007121245249660660e+03 6.737429422761592573e-25
2.021047919898152713e+03 6.803065272624332878e-25
2.035071226609719133e+03 6.869952068769685997e-25
2.049191835878630627e+03 6.938108399484361206e-25
2.063410422851475687e+03 7.007549336873088124e-25
2.077727667359437419e+03 7.078295291535077439e-25
2.092144253950789789e+03 7.150364202133699138e-25
2.106660871923644208e+03 7.223774305793449352e-25
2.121278215358888247e+03 7.298544247969141567e-25
2.135996983153388101e+03 7.374692900384512290e-25
2.150817879053397064e+03 7.452239356645450627e-25
2.165741611688199100e+03 7.531202936394823468e-25
2.180768894604002526e+03 7.611603190895754066e-25
2.195900446298042880e+03 7.693459909520523508e-25
2.211136990252948181e+03 7.776793129439540653e-25
2.226479254971327464e+03 7.861623183769045241e-25
2.241927974010592607e+03 7.947984698052314176e-25
2.257483886018050725e+03 8.035855820618443869e-25
2.273147734766199392e+03 8.125300343957286707e-25
2.288920269188307884e+03 8.216325419199204347e-25
2.304802243414216719e+03 8.308952640318998847e-25
2.320794416806388199e+03 8.403203917652435877e-25
2.336897553996231636e+03 8.499101461239589872e-25
2.353112424920640478e+03 8.596667785901704949e-25
2.369439804858825028e+03 8.695925718479987383e-25
2.385880474469372530e+03 8.796898406165617758e-25
2.402435219827564197e+03 8.899609329818630929e-25
2.419104832462978266e+03 9.004082453914972749e-25
2.435890109397314973e+03 9.110341530168332157e-25
2.452791853182522573e+03 9.218411191366200010e-25
2.469810871939159824e+03 9.328316533200471165e-25
2.486947979395030870e+03 9.440082657207265944e-25
2.504203994924105700e+03 9.553735162427404684e-25
2.521579743585678898e+03 9.669300038686102322e-25
2.539076056163837620e+03 9.786803671140063396e-25
2.556693769207162859e+03 9.906272848956132960e-25
2.574433725068745844e+03 1.002773477530132349e-24
2.592296771946456374e+03 1.015121708403875052e-24
2.610283763923487186e+03 1.027674859661408759e-24
2.628395561009212088e+03 1.040435545728935928e-24
2.646633029180280118e+03 1.053406894009152310e-24
2.664997040422043483e+03 1.066591773336665824e-24
2.683488472770237877e+03 1.079993169564165169e-24
2.702108210352957030e+03 1.093614119016183294e-24
2.720857143432946032e+03 1.107457707522393441e-24
2.739736168450142941e+03 1.121527071376557960e-24
2.758746188064561011e+03 1.135825398480362564e-24
2.777888111199438299e+03 1.150355929986186575e-24
2.797162853084688322e+03 1.165122038150068803e-24
2.816571335300678584e+03 1.180126833772533579e-24
2.836114485822271490e+03 1.195373959562555300e-24
2.855793239063214060e+03 1.210866802037993721e-24
2.875608535920806389e+03 1.226608881211758529e-24
2.895561323820878897e+03 1.242603778207823399e-24
2.915652556763111988e+03 1.258855135420837010e-24
2.935883195366627206e+03 1.275366657765435683e-24
2.956254206915937175e+03 1.292142114152140826e-24
2.976766565407184771e+03 1.309185342976903222e-24
2.997421251594703790e+03 1.326500232257205518e-24
3.018219253037934777e+03 1.344090756655806068e-24
3.039161564148614616e+03 1.361960958311463619e-24
3.060249186238348102e+03 1.380114942858695446e-24
3.081483127566470557e+03 1.398556891118542720e-24
3.102864403388249684e+03 1.417291057926656089e-24
3.124394036003446672e+03 1.436321773598978628e-24
3.146073054805171523e+03 1.455653445691284007e-24
3.167902496329123551e+03 1.475290576400032219e-24
3.189883404303140651e+03 1.495237681449707365e-24
3.212016829697095091e+03 1.515499458428023037e-24
3.234303830773163099e+03 1.536080624085986160e-24
3.256745473136400960e+03 1.556985994662505404e-24
3.279342829785714002e+03 1.578220474159387160e-24
3.302096981165152101e+03 1.599789055492201072e-24
3.325009015215558520e+03 1.621696822325283476e-24
3.348080027426610741e+03 1.643948952865013955e-24
3.371311120889170525e+03 1.666550711477057111e-24
3.394703406348052340e+03 1.689507467941565957e-24
3.418258002255118754e+03 1.712824688853935096e-24
3.441976034822747806e+03 1.736507937493755695e-24
3.465858638077703290e+03 1.760562880401616010e-24
3.489906953915329723e+03 1.784995288072266525e-24
3.514122132154172050e+03 1.809811036943266932e-24
3.538505330590944141e+03 1.835016116373997477e-24
3.563057715055871995e+03 1.860616603840751121e-24
3.587780459468463505e+03 1.886618720653665548e-24
3.612674745893606541e+03 1.913028781676002903e-24
3.637741764598112240e+03 1.939853221207086970e-24
3.662982714107614811e+03 1.967098591406537198e-24
3.688398801263864698e+03 1.994771563797694019e-24
3.713991241282458759e+03 2.022878931471371734e-24
3.739761257810910138e+03 2.051427610413626778e-24
3.765710082987183341e+03 2.080424635470284134e-24
3.791838957498594937e+03 2.109877179133983033e-24
3.818149130641120337e+03 2.139792532884487254e-24
3.844641860379156242e+03 2.170178119311355962e-24
3.871318413405634146e+03 2.201041491202386039e-24
3.898180065202614060e+03 2.232390332785245260e-24
3.925228100102254302e+03 2.264232460987689299e-24
3.952463811348209674e+03 2.296575818546054174e-24
3.979888501157492556e+03 2.329428493029682378e-24
4.007503480782701899e+03 2.362798696122508004e-24
4.035310070574748806e+03 2.396694773981335540e-24
4.063309600045972275e+03 2.431125204305624861e-24
4.091503407933694234e+03 2.466098595750019922e-24
4.119892842264259343e+03 2.501623681771268028e-24
4.148479260417452679e+03 2.537709326074905238e-24
4.177264029191431291e+03 2.574364512833412079e-24
4.206248524868058666e+03 2.611598344169850793e-24
4.235434133278700756e+03 2.649420035773891478e-24
4.264822249870511769e+03 2.687838910579180626e-24
4.294414279773124690e+03 2.726864394892394142e-24
4.324211637865858393e+03 2.766505989968277109e-24
4.354215748845361304e+03 2.806773302588029591e-24
4.384428047293712552e+03 2.847675991239798107e-24
4.414849977747045159e+03 2.889223772881126752e-24
4.445482994764578507e+03 2.931426402371568009e-24
4.476328562998200141e+03 2.974293750207553684e-24
4.507388157262457753e+03 3.017835294774434919e-24
4.538663262605111413e+03 3.062061068936818075e-24
4.570155374378115084e+03 3.106980658276947729e-24
4.601865998309110182e+03 3.152603653541257220e-24
4.633796650573441184e+03 3.198939514910622590e-24
4.665948857866618710e+03 3.245997530948456190e-24
4.698324157477344670e+03 3.293786750231143233e-24
4.730924097361000349e+03 3.342315959760778276e-24
4.763750236213644712e+03 3.391593581944580601e-24
4.796804143546572959e+03 3.441627617495946000e-24
4.830087399761322558e+03 3.492425555750273509e-24
4.863601596225267713e+03 3.543994275155450923e-24
4.897348335347696775e+03 3.596339932832034347e-24
4.931329230656409891e+03 3.649467835840457418e-24
4.965545906874899629e+03 3.703382294703004239e-24
4.999999999999999091e+03 3.758086457924897677e-24
