5.000000000000000888e+00 7.324997133667787225e-24
5.034693157380139006e+00 7.086941489754824656e-24
5.069627037794075974e+00 6.860667683219924025e-24
5.104803311530234922e+00 6.645333736444258059e-24
5.140223660466546995e+00 6.440167844014250128e-24
5.175889778150882137e+00 6.244462574253678728e-24
5.211803369882009207e+00 6.057569511364568453e-24
5.247966152791137873e+00 5.878894279761724812e-24
5.284379855924021818e+00 5.707891970919563427e-24
5.321046220323622400e+00 5.544062902370316272e-24
5.357966999113356721e+00 5.386948719368624214e-24
5.395143957580921246e+00 5.236128813344175249e-24
5.432578873262690955e+00 5.091217031982537877e-24
5.470273536028714467e+00 4.951858643768940290e-24
5.508229748168283813e+00 4.817727582324494778e-24
5.546449324476114384e+00 4.688523901460289019e-24
5.584934092339116418e+00 4.563971472296011146e-24
5.623685891823758887e+00 4.443815849019723549e-24
5.662706575764059558e+00 4.327822352220467936e-24
5.701998009850164806e+00 4.215774306028185540e-24
5.741562072717556475e+00 4.107471432661021494e-24
5.781400656036880470e+00 4.002728392124997641e-24
5.821515664604382856e+00 3.901373461266518052e-24
5.861909016432995223e+00 3.803247320281096367e-24
5.902582642844026672e+00 3.707193507040006028e-24
5.943538488559517496e+00 3.613171974216680990e-24
5.984778511795218137e+00 3.522108542444679666e-24
6.026304684354212071e+00 3.433876284820540041e-24
6.068118991721204836e+00 3.348356362732809335e-24
6.110223433157442763e+00 3.265437356590697572e-24
6.152620021796308514e+00 3.185014644337960294e-24
6.195310784739581855e+00 3.106989859666345545e-24
6.238297763154347919e+00 3.031270374392229802e-24
6.281583012370603569e+00 2.957768850145506144e-24
6.325168601979518357e+00 2.886402812498098649e-24
6.369056615932393584e+00 2.817094276033228316e-24
6.413249152640303485e+00 2.749769389471516439e-24
6.457748325074419427e+00 2.684358133656512618e-24
6.502556260867045523e+00 2.620794025523065827e-24
6.547675102413337278e+00 2.559013859496301252e-24
6.593107006973743189e+00 2.498957475861588775e-24
6.638854146777149801e+00 2.440567529857411092e-24
6.684918709124731961e+00 2.382956269392514347e-24
6.731302896494550936e+00 2.326916635683196022e-24
6.778008926646843513e+00 2.272419630566807294e-24
6.825039032730071398e+00 2.219416644642736851e-24
6.872395463387687364e+00 2.167861066314804969e-24
6.920080482865659022e+00 2.117708156111676397e-24
6.968096371120712895e+00 2.068914942269538299e-24
7.016445423929364544e+00 2.021440110202328780e-24
7.065129952997670770e+00 1.975243903833200805e-24
7.114152286071764308e+00 1.930288045043869152e-24
7.163514767049155907e+00 1.886535649715466030e-24
7.213219756090789581e+00 1.843951148814136132e-24
7.263269629733905219e+00 1.802500232661450800e-24
7.313666781005652595e+00 1.762149775037651360e-24
7.364413619537513611e+00 1.722867782456684566e-24
7.415512571680523024e+00 1.684623337498014655e-24
7.466966080621261881e+00 1.647386549851860710e-24
7.518776606498691173e+00 1.611128511960218014e-24
7.570946626521762646e+00 1.575821251162548960e-24
7.623478635087869826e+00 1.541437695594056987e-24
7.676375143902114395e+00 1.507951636555993764e-24
7.729638682097387914e+00 1.475337686216362636e-24
7.783271796355308858e+00 1.443571254163299105e-24
7.837277051027977670e+00 1.412628513110722744e-24
7.891657028260587126e+00 1.382486366892863226e-24
7.946414328114890679e+00 1.353122430400617668e-24
8.001551568693503924e+00 1.324514998198782670e-24
8.057071386265098667e+00 1.296643022313414942e-24
8.112976435390438112e+00 1.269486090288146148e-24
8.169269389049306440e+00 1.243024402574703259e-24
8.225952938768314127e+00 1.217238750590005273e-24
8.283029794749570129e+00 1.192110499592165799e-24
8.340502686000293764e+00 1.167621565969212100e-24
8.398374360463268573e+00 1.143754404639064924e-24
8.456647585148241220e+00 1.120491988408313575e-24
8.515325146264222766e+00 1.097817789571555029e-24
8.574409849352699453e+00 1.075715768548073170e-24
8.633904519421777835e+00 1.054170355386689095e-24
8.693812001081255403e+00 1.033166436607271663e-24
8.754135158678622020e+00 1.012689340051261825e-24
8.814876876436029463e+00 9.927248215177065720e-25
8.876040058588174020e+00 9.732590539041214667e-25
8.937627629521175621e+00 9.542786085661753025e-25
8.999642533912386000e+00 9.357704489625257295e-25
9.062087736871186294e+00 9.177219166193614209e-25
9.124966224080763411e+00 9.001207186411389988e-25
9.188281001940856285e+00 8.829549181128136373e-25
9.252035097711509337e+00 8.662129211024951875e-25
9.316231559657802919e+00 8.498834697432007048e-25
9.380873457195605170e+00 8.339556287842373740e-25
9.445963881038332843e+00 8.184187769513103982e-25
9.511505943344722880e+00 8.032625975234758681e-25
9.577502777867637818e+00 7.884770683129313891e-25
9.643957540103892612e+00 7.740524544467580219e-25
9.710873407445131278e+00 7.599792980163612725e-25
9.778253579329746259e+00 7.462484100031621193e-25
9.846101277395861828e+00 7.328508628217808235e-25
9.914419745635354886e+00 7.197779806008501702e-25
9.983212250548969990e+00 7.070213347509796896e-25
1.005248208130249488e+01 6.948886292795672550e-25
1.012223254988401777e+01 6.831369034322903866e-25
1.019246699126231981e+01 6.716550137787323877e-25
1.026318876354625864e+01 6.604363116163682699e-25
1.033440124814541505e+01 6.494743302774144178e-25
1.040610784993169524e+01 6.387627780951287449e-25
1.047831199740216412e+01 6.282955353364383569e-25
1.055101714284298176e+01 6.180666477155750407e-25
1.062422676249441267e+01 6.080703210050601671e-25
1.069794435671711241e+01 5.983009170252086257e-25
1.077217345015942129e+01 5.887529490229292803e-25
1.084691759192592109e+01 5.794210767540137721e-25
1.092218035574714108e+01 5.703001014573340236e-25
1.099796534015037253e+01 5.613849627922452569e-25
1.107427616863180120e+01 5.526707346956996929e-25
1.115111648982969150e+01 5.441526195298237558e-25
1.122848997769887447e+01 5.358259471170025141e-25
1.130640033168639569e+01 5.276861681006707821e-25
1.138485127690839782e+01 5.197288521093051866e-25
1.146384656432824833e+01 5.119496840169292328e-25
1.154338997093584673e+01 5.043444597272248548e-25
1.162348529992824453e+01 4.969090840252196037e-25
1.170413638089146957e+01 4.896395658217172627e-25
1.178534706998363824e+01 4.825320168895388398e-25
1.186712125011933594e+01 4.755826473246120364e-25
1.194946283115524999e+01 4.687877637919947294e-25
1.203237575007712579e+01 4.621437655771919081e-25
1.211586397118800207e+01 4.556471433158222558e-25
1.219993148629774993e+01 4.492944748764021661e-25
1.228458231491395480e+01 4.430824234720529237e-25
1.236982050443406855e+01 4.370077359229773411e-25
1.245565013033894708e+01 4.310672389203132387e-25
1.254207529638770424e+01 4.252578375108616245e-25
1.262910013481392113e+01 4.195765129290471582e-25
1.271672880652324622e+01 4.140203201880808011e-25
1.280496550129229583e+01 4.085863856480189049e-25
1.289381443796900939e+01 4.032719060646448356e-25
1.298327986467436013e+01 3.980741455318278470e-25
1.307336605900545834e+01 3.929904342262729083e-25
1.316407732824010424e+01 3.880181660958546301e-25
1.325541800954269256e+01 3.831547977039292585e-25
1.334739247017160935e+01 3.783978462052651413e-25
1.344000510768803558e+01 3.737448872242483330e-25
1.353326035016620388e+01 3.691935542424793798e-25
1.362716265640514379e+01 3.647415360555991431e-25
1.372171651614182508e+01 3.603865761187321277e-25
1.381692645026585531e+01 3.561264704699952256e-25
1.391279701103562694e+01 3.519590667268981542e-25
1.400933278229597434e+01 3.478822620667816680e-25
1.410653837969735847e+01 3.438940030633875220e-25
1.420441845091651878e+01 3.399922831675545921e-25
1.430297767587871505e+01 3.361751423717272303e-25
1.440222076698148790e+01 3.324406652919980197e-25
1.450215246931995594e+01 3.287869809284730570e-25
1.460277756091373114e+01 3.252122606291317904e-25
1.470410085293531743e+01 3.217147173995785275e-25
1.480612718994017740e+01 3.182926048526113624e-25
1.490886145009836561e+01 3.149442160880397471e-25
1.501230854542774473e+01 3.116678828398522277e-25
1.511647342202888744e+01 3.084619743280087156e-25
1.522136106032151126e+01 3.053248967174028201e-25
1.532697647528264007e+01 3.022550914825333007e-25
1.543332471668636963e+01 2.992510352173119281e-25
1.554041086934531712e+01 2.963112386104391961e-25
1.564824005335375823e+01 2.934342453527314910e-25
1.575681742433239485e+01 2.906186315917019528e-25
1.586614817367488683e+01 2.878630051246358576e-25
1.597623752879606585e+01 2.851660046518659127e-25
1.608709075338185457e+01 2.825262987778295354e-25
1.619871314764099068e+01 2.799425857831193755e-25
1.631111004855834778e+01 2.774135925032150704e-25
1.642428683015022273e+01 2.749380738669258014e-25
1.653824890372121104e+01 2.725148122672389469e-25
1.665300171812294039e+01 2.701426166585350490e-25
1.676855076001465861e+01 2.678203223309728405e-25
1.688490155412545590e+01 2.655467900326700582e-25
1.700205966351853704e+01 2.633209054853832862e-25
1.712003068985712417e+01 2.611415787632343493e-25
1.723882027367231728e+01 2.590077439004515685e-25
1.735843409463281262e+01 2.569183580801467819e-25
1.747887787181637265e+01 2.548724013937310038e-25
1.760015736398340280e+01 2.528688762208974489e-25
1.772227836985217664e+01 2.509068066070291233e-25
1.784524672837614645e+01 2.489852380341991626e-25
1.796906831902314394e+01 2.471032367402611835e-25
1.809374906205639988e+01 2.452598894371774650e-25
1.821929491881772734e+01 2.434543027219418116e-25
1.834571189201246710e+01 2.416856027718207501e-25
1.847300602599650787e+01 2.399529347900771779e-25
1.860118340706534568e+01 2.382554627723679989e-25
1.873025016374496232e+01 2.365923688765291832e-25
1.886021246708499532e+01 2.349628533441878354e-25
1.899107653095367709e+01 2.333661338744515948e-25
1.912284861233499456e+01 2.318014453043780008e-25
1.925553501162785963e+01 2.302680393805921499e-25
1.938914207294728342e+01 2.287651842213041195e-25
1.952367618442780639e+01 2.272921641635878689e-25
1.965914377852884698e+01 2.258482793306507291e-25
1.979555133234229203e+01 2.244328453057185758e-25
1.993290536790221168e+01 2.230451928397886946e-25
2.007121245249660646e+01 2.216846675844886798e-25
2.021047919898153822e+01 2.203506297578568496e-25
2.035071226609719020e+01 2.190424537986736684e-25
2.049191835878630386e+01 2.177595282251970347e-25
2.063410422851477577e+01 2.165012551910591837e-25
2.077727667359437191e+01 2.152670503521560945e-25
2.092144253950791111e+01 2.140563425195735538e-25
2.106660871923644152e+01 2.128685734466234872e-25
2.121278215358888275e+01 2.117031975458020925e-25
2.135996983153390261e+01 2.105596816458743000e-25
2.150817879053397164e+01 2.094375047582299432e-25
2.165741611688200052e+01 2.083361578691109085e-25
2.180768894604002384e+01 2.072551436081245289e-25
2.195900446298042752e+01 2.061939761847395909e-25
2.211136990252950341e+01 2.051521810040355069e-25
2.226479254971327393e+01 2.041292945185202086e-25
2.241927974010593871e+01 2.031248640305129706e-25
2.257483886018050612e+01 2.021384474847397507e-25
2.273147734766199335e+01 2.011696131607186016e-25
2.288920269188310286e+01 2.002179396301958695e-25
2.304802243414216534e+01 1.992830154426401785e-25
2.320794416806389648e+01 1.983644389493115861e-25
2.336897553996231380e+01 1.974618181460490403e-25
2.353112424920640322e+01 1.965747704519340917e-25
2.369439804858827614e+01 1.957029225546712339e-25
2.385880474469372459e+01 1.948459101566516674e-25
2.402435219827565405e+01 1.940033779002816739e-25
2.419104832462978294e+01 1.931749790805613450e-25
2.435890109397316294e+01 1.923603755632973354e-25
2.452791853182525017e+01 1.915592375732398427e-25
2.469810871939160180e+01 1.907712434914829879e-25
2.486947979395032249e+01 1.899960797449368694e-25
2.504203994924105814e+01 1.892334406131397965e-25
2.521579743585680333e+01 1.884830280683942257e-25
2.539076056163837691e+01 1.877445516112029008e-25
2.556693769207162603e+01 1.870177281201943391e-25
2.574433725068747236e+01 1.863022817059973579e-25
2.592296771946456246e+01 1.855979435330196465e-25
2.610283763923488465e+01 1.849044516839970676e-25
2.628395561009211789e+01 1.842215510159080569e-25
2.646633029180280161e+01 1.835489929944482918e-25
2.664997040422045060e+01 1.828865355844441515e-25
2.683488472770237721e+01 1.822339430447039965e-25
2.702108210352958650e+01 1.815909858599943306e-25
2.720857143432946046e+01 1.809574405593678613e-25
2.739736168450142983e+01 1.803330895931732472e-25
2.758746188064564109e+01 1.797177211870327794e-25
2.777888111199438370e+01 1.791111292325184450e-25
2.797162853084689971e+01 1.785131131281960941e-25
2.816571335300678314e+01 1.779234776825175066e-25
2.836114485822271192e+01 1.773420329624622477e-25
2.855793239063217115e+01 1.767685941866585761e-25
2.875608535920806474e+01 1.762029815952178319e-25
2.895561323820880162e+01 1.756450203287450735e-25
2.915652556763112102e+01 1.750945403221840171e-25
2.935883195366627163e+01 1.745513761798745226e-25
2.956254206915940230e+01 1.740153670632862938e-25
2.976766565407184473e+01 1.734863565815340466e-25
2.997421251594705538e+01 1.729641926786357994e-25
3.018219253037934635e+01 1.724487275356948690e-25
3.039161564148614758e+01 1.719398174540428056e-25
3.060249186238350916e+01 1.714373227692821495e-25
3.081483127566470870e+01 1.709411077159652202e-25
3.102864403388251446e+01 1.704510403750444909e-25
3.124394036003446828e+01 1.699669925422773046e-25
3.146073054805171409e+01 1.694888396473890791e-25
3.167902496329126549e+01 1.690164606596143923e-25
3.189883404303140679e+01 1.685497379820455469e-25
3.212016829697096654e+01 1.680885573980791607e-25
3.234303830773163213e+01 1.676328079453543840e-25
3.256745473136400904e+01 1.671823818532761097e-25
3.279342829785717583e+01 1.667371744510809837e-25
3.302096981165151846e+01 1.662970840970606144e-25
3.325009015215560737e+01 1.658620120787552837e-25
3.348080027426610883e+01 1.654318625570512924e-25
3.371311120889170354e+01 1.650065424783696500e-25
3.394703406348055807e+01 1.645859615044875004e-25
3.418258002255118555e+01 1.641700319363144079e-25
3.441976034822749142e+01 1.637586686499625685e-25
3.465858638077703091e+01 1.633517890229023928e-25
3.489906953915329524e+01 1.629493128683439546e-25
3.514122132154175659e+01 1.625511623695197854e-25
3.538505330590944453e+01 1.621572620201529273e-25
3.563057715055874297e+01 1.617675385553213118e-25
3.587780459468464045e+01 1.613819208960826545e-25
3.612674745893606598e+01 1.610003400915821851e-25
3.637741764598116134e+01 1.606227292559159270e-25
3.662982714107614868e+01 1.602490235187333718e-25
3.688398801263866744e+01 1.598791599680442601e-25
3.713991241282458589e+01 1.595130775965336402e-25
3.739761257810909711e+01 1.591507172549804478e-25
3.765710082987187235e+01 1.587920215949243071e-25
3.791838957498595164e+01 1.584369350274914536e-25
3.818149130641122468e+01 1.580854036726887979e-25
3.844641860379156384e+01 1.577373753110040481e-25
3.871318413405634118e+01 1.573927993467948230e-25
3.898180065202618039e+01 1.570516267561318076e-25
3.925228100102253848e+01 1.567138100512899150e-25
3.952463811348211919e+01 1.563793032374818299e-25
3.979888501157492442e+01 1.560480617722309715e-25
4.007503480782702354e+01 1.557200425293162355e-25
4.035310070574752928e+01 1.553952037599927337e-25
4.063309600045972303e+01 1.550735050582414487e-25
4.091503407933696224e+01 1.547549073233089843e-25
4.119892842264259514e+01 1.544393727289048149e-25
4.148479260417452963e+01 1.541268646873732281e-25
4.177264029191434958e+01 1.538173478192256587e-25
4.206248524868058780e+01 1.535107879222765008e-25
4.235434133278702973e+01 1.532071519409630263e-25
4.264822249870512394e+01 1.529064079380380807e-25
4.294414279773126708e+01 1.526085250658049097e-25
4.324211637865862912e+01 1.523134735383183936e-25
4.354215748845361134e+01 1.520212246069200029e-25
4.384428047293715025e+01 1.517317505325127070e-25
4.414849977747045529e+01 1.514450245621108499e-25
4.445482994764580553e+01 1.511610209047605384e-25
4.476328562998200056e+01 1.508797147079273125e-25
4.507388157262457895e+01 1.506010820351505951e-25
4.538663262605113857e+01 1.503250998448105671e-25
4.570155374378115454e+01 1.500517459688667582e-25
4.601865998309111916e+01 1.497809990921104566e-25
4.633796650573440701e+01 1.495128387344312057e-25
4.665948857866618482e+01 1.492472452286304736e-25
4.698324157477347285e+01 1.489841997055280244e-25
4.730924097361000236e+01 1.487236840741260253e-25
4.763750236213646616e+01 1.484656810052021072e-25
4.796804143546572874e+01 1.482101739152595503e-25
4.830087399761322331e+01 1.479571469496079946e-25
4.863601596225270640e+01 1.477065849677323464e-25
4.897348335347697201e+01 1.474584735282897508e-25
4.931329230656412221e+01 1.472127988753139033e-25
4.965545906874899629e+01 1.469695479230972965e-25
4.999999999999999289e+01 1.467287082444871308e-25
5.034693157380139894e+01 1.464902680565059188e-25
5.069627037794075619e+01 1.462542162095141395e-25
5.104803311530231724e+01 1.460205421739728628e-25
5.140223660466548239e+01 1.457892360299202286e-25
5.175889778150880716e+01 1.455602884556127041e-25
5.211803369882010628e+01 1.453336907161204702e-25
5.247966152791137517e+01 1.451094346548100004e-25
5.284379855924019154e+01 1.448875126815551842e-25
5.321046220323622578e+01 1.446679177647325318e-25
5.357966999113354944e+01 1.444506434211223693e-25
5.395143957580922489e+01 1.442356837080249447e-25
5.432578873262691133e+01 1.440230332136820777e-25
5.470273536028711447e+01 1.438126870506249405e-25
5.508229748168283635e+01 1.436046408463613878e-25
5.546449324476112963e+01 1.433988907373251453e-25
5.584934092339118195e+01 1.431954333607879956e-25
5.623685891823758709e+01 1.429942658479637583e-25
5.662706575764056538e+01 1.427953858183483086e-25
5.701998009850164806e+01 1.425987913722364759e-25
5.741562072717555054e+01 1.424044810854333758e-25
5.781400656036881713e+01 1.422124540031616067e-25
5.821515664604383034e+01 1.420227096346043390e-25
5.861909016432991848e+01 1.418352479474009709e-25
5.902582642844026850e+01 1.416500693628827029e-25
5.943538488559515542e+01 1.414671747510562530e-25
5.984778511795219202e+01 1.412865654256531435e-25
6.026304684354212071e+01 1.411082431402460235e-25
6.068118991721201638e+01 1.409322100836605213e-25
6.110223433157442230e+01 1.407584688759877705e-25
6.152620021796307270e+01 1.405870225646178743e-25
6.195310784739583454e+01 1.404178746207675359e-25
6.238297763154347564e+01 1.402510289359507064e-25
6.281583012370606411e+01 1.400864898184326091e-25
6.325168601979518002e+01 1.399242619901585538e-25
6.369056615932391452e+01 1.397643505837592738e-25
6.413249152640305795e+01 1.396067611396764969e-25
6.457748325074419427e+01 1.394514996032653527e-25
6.502556260867048366e+01 1.392985723223898890e-25
6.547675102413337811e+01 1.391479860448221305e-25
6.593107006973741591e+01 1.389997479157764097e-25
6.638854146777151755e+01 1.388538654760513750e-25
6.684918709124731606e+01 1.387103466593902936e-25
6.731302896494554489e+01 1.385691997909195497e-25
6.778008926646843690e+01 1.384304335848846699e-25
6.825039032730067845e+01 1.382940571430943776e-25
6.872395463387690029e+01 1.381600799530525669e-25
6.920080482865657245e+01 1.380285118863250082e-25
6.968096371120716981e+01 1.378993631969683419e-25
7.016445423929364722e+01 1.377726445201110126e-25
7.065129952997666862e+01 1.376483668705606532e-25
7.114152286071765730e+01 1.375265416412837482e-25
7.163514767049153420e+01 1.374071806023665837e-25
7.213219756090792600e+01 1.372902958996623040e-25
7.263269629733905219e+01 1.371759000536051090e-25
7.313666781005647977e+01 1.370640059581354341e-25
7.364413619537515387e+01 1.369546268797048439e-25
7.415512571680521603e+01 1.368477764560869693e-25
7.466966080621266144e+01 1.367434686955120495e-25
7.518776606498691706e+01 1.366417179756640198e-25
7.570946626521758560e+01 1.365425390427687455e-25
7.623478635087872135e+01 1.364459470106199689e-25
7.676375143902112086e+01 1.363519573598708217e-25
7.729638682097392177e+01 1.362605859369497981e-25
7.783271796355309391e+01 1.361718489533672826e-25
7.837277051027973584e+01 1.360857629848387965e-25
7.891657028260588902e+01 1.360023449704014251e-25
7.946414328114889258e+01 1.359216122116462113e-25
8.001551568693507477e+01 1.358435823718668404e-25
8.057071386265099022e+01 1.357682734752282990e-25
8.112976435390434915e+01 1.356957039059004761e-25
8.169269389049308927e+01 1.356258924072625008e-25
8.225952938768311640e+01 1.355588580810012154e-25
8.283029794749575103e+01 1.354946203862051270e-25
8.340502686000294830e+01 1.354331991385275563e-25
8.398374360463265020e+01 1.353746145091896716e-25
8.456647585148242285e+01 1.353188870241228140e-25
8.515325146264220280e+01 1.352660375629096800e-25
8.574409849352703361e+01 1.352160873578048962e-25
8.633904519421778900e+01 1.351690579926848571e-25
8.693812001081251140e+01 1.351249714020034180e-25
8.754135158678624862e+01 1.350838498696281555e-25
8.814876876436026976e+01 1.350457160276965106e-25
8.876040058588178283e+01 1.350105928554328325e-25
8.937627629521176686e+01 1.349785036778608909e-25
8.999642533912381737e+01 1.349494721645437556e-25
9.062087736871187360e+01 1.349235223282176969e-25
9.124966224080760924e+01 1.349006785233825345e-25
9.188281001940860904e+01 1.348809654448570643e-25
9.252035097711508627e+01 1.348644081262946302e-25
9.316231559657798300e+01 1.348510319385648904e-25
9.380873457195606591e+01 1.348408625881702979e-25
9.445963881038331067e+01 1.348339261155254250e-25
9.511505943344727143e+01 1.348302488932398919e-25
9.577502777867637462e+01 1.348298576242770191e-25
9.643957540103887993e+01 1.348327793400960412e-25
9.710873407445130567e+01 1.348390413986969522e-25
9.778253579329744127e+01 1.348486714826206958e-25
9.846101277395865736e+01 1.348616975968707443e-25
9.914419745635355241e+01 1.348781480667831580e-25
9.983212250548965017e+01 1.348980515357808400e-25
1.005248208130249452e+02 1.349214369631374107e-25
1.012223254988401777e+02 1.349483336216058548e-25
1.019246699126232016e+02 1.349787710950031095e-25
1.026318876354625900e+02 1.350127792757360857e-25
1.033440124814540866e+02 1.350503883622450132e-25
1.040610784993169489e+02 1.350916288563861065e-25
1.047831199740216306e+02 1.351365315607370421e-25
1.055101714284298140e+02 1.351851275758601004e-25
1.062422676249441338e+02 1.352374482974620608e-25
1.069794435671710602e+02 1.352935254135376588e-25
1.077217345015942129e+02 1.353533909014095671e-25
1.084691759192592002e+02 1.354170770247227347e-25
1.092218035574714037e+02 1.354846163303896858e-25
1.099796534015037253e+02 1.355560416454635670e-25
1.107427616863179480e+02 1.356313860739563686e-25
1.115111648982969115e+02 1.357106829936096446e-25
1.122848997769886807e+02 1.357939660526257886e-25
1.130640033168639604e+02 1.358812691663305024e-25
1.138485127690839818e+02 1.359726265138066575e-25
1.146384656432825437e+02 1.360680725344892190e-25
1.154338997093584709e+02 1.361676419247076618e-25
1.162348529992823813e+02 1.362713696342213388e-25
1.170413638089146957e+02 1.363792908627160028e-25
1.178534706998363788e+02 1.364914410562701830e-25
1.186712125011934233e+02 1.366078559038193578e-25
1.194946283115525034e+02 1.367285713336225614e-25
1.203237575007711939e+02 1.368536235096806840e-25
1.211586397118800136e+02 1.369830488282189893e-25
1.219993148629774993e+02 1.371168839141507128e-25
1.228458231491396191e+02 1.372551656175652726e-25
1.236982050443406962e+02 1.373979310102535815e-25
1.245565013033894104e+02 1.375452173823012486e-25
1.254207529638770353e+02 1.376970622386982884e-25
1.262910013481392184e+02 1.378535032960726925e-25
1.271672880652325262e+02 1.380145784794707005e-25
1.280496550129229547e+02 1.381803259192828594e-25
1.289381443796900157e+02 1.383507839482744991e-25
1.298327986467436119e+02 1.385259910988000414e-25
1.307336605900545976e+02 1.387059861001760679e-25
1.316407732824011134e+02 1.388908078762887989e-25
1.325541800954269434e+02 1.390804955434599743e-25
1.334739247017160153e+02 1.392750884086052762e-25
1.344000510768803451e+02 1.394746259677379615e-25
1.353326035016620494e+02 1.396791479049182408e-25
1.362716265640515019e+02 1.398886940916596079e-25
1.372171651614182508e+02 1.401033045869146971e-25
1.381692645026584785e+02 1.403230196377419857e-25
1.391279701103562729e+02 1.405478796807905448e-25
1.400933278229597363e+02 1.407779253446876013e-25
1.410653837969736628e+02 1.410131974536139691e-25
1.420441845091651771e+02 1.412537370321941749e-25
1.430297767587870794e+02 1.414995853120202677e-25
1.440222076698148612e+02 1.417507837401505055e-25
1.450215246931995523e+02 1.420073739899694307e-25
1.460277756091373931e+02 1.422693979749547455e-25
1.470410085293531779e+02 1.425368978659909895e-25
1.480612718994017030e+02 1.428099161130746064e-25
1.490886145009836525e+02 1.430884954724321623e-25
1.501230854542774296e+02 1.433726790404454345e-25
1.511647342202889490e+02 1.436625102961089813e-25
1.522136106032151304e+02 1.439580331542890365e-25
1.532697647528263190e+02 1.442592920328045634e-25
1.543332471668637140e+02 1.445663319372872942e-25
1.554041086934531677e+02 1.448791985691217055e-25
1.564824005335376569e+02 1.451979384636870568e-25
1.575681742433239378e+02 1.455225991686796771e-25
1.586614817367487831e+02 1.458532294761593836e-25
1.597623752879606513e+02 1.461898797272904919e-25
1.608709075338185528e+02 1.465326022168266900e-25
1.619871314764099282e+02 1.468814517362319023e-25
1.631111004855834778e+02 1.472364863123574958e-25
1.642428683015021704e+02 1.475977682265023019e-25
1.653824890372121104e+02 1.479653654424918667e-25
1.665300171812293968e+02 1.483393536432177535e-25
1.676855076001465932e+02 1.487198191919682578e-25
1.688490155412545448e+02 1.491068635333200829e-25
1.700205966351852851e+02 1.495006098960104060e-25
1.712003068985712559e+02 1.499012137901879633e-25
1.723882027367231728e+02 1.503088799789752607e-25
1.735843409463281262e+02 1.507238909459058294e-25
1.747887787181637407e+02 1.511466567421870042e-25
1.760015736398339357e+02 1.515778068297165816e-25
1.772227836985217664e+02 1.520183700046260533e-25
1.784524672837614503e+02 1.524701544919858461e-25
1.796906831902314536e+02 1.529366311854371494e-25
1.809374906205640059e+02 1.534252586361897541e-25
1.821929491881772094e+02 1.539547483226789164e-25
1.834571189201246852e+02 1.545843513605783461e-25
1.847300602599650858e+02 1.555959065461772440e-25
1.860118340706534639e+02 1.606656977151574875e-25
1.873025016374496374e+02 1.742735267864018226e-25
1.886021246708498609e+02 1.573936430262905898e-25
1.899107653095367994e+02 1.570444297583345839e-25
1.912284861233499385e+02 1.573421918636571926e-25
1.925553501162786176e+02 1.577747834619126206e-25
1.938914207294728271e+02 1.582560829965799551e-25
1.952367618442779644e+02 1.587619739481896497e-25
1.965914377852884911e+02 1.592836216612569558e-25
1.979555133234229061e+02 1.598171975146818227e-25
1.993290536790221097e+02 1.603608421925412486e-25
2.007121245249660717e+02 1.609135778661181830e-25
2.021047919898154817e+02 1.614748612692905649e-25
2.035071226609719020e+02 1.620443800992778278e-25
2.049191835878630457e+02 1.626219524441756462e-25
2.063410422851477790e+02 1.632074737497534820e-25
2.077727667359437476e+02 1.638008873060986615e-25
2.092144253950791892e+02 1.644021670628894911e-25
2.106660871923644152e+02 1.650113072298081686e-25
2.121278215358888133e+02 1.656283157702845660e-25
2.135996983153390261e+02 1.662532102113131787e-25
2.150817879053397235e+02 1.668860148754010254e-25
2.165741611688201260e+02 1.675267590102774104e-25
2.180768894604002526e+02 1.681754754997452709e-25
2.195900446298042823e+02 1.688321999590093375e-25
2.211136990252950341e+02 1.694969700896866767e-25
2.226479254971327464e+02 1.701698252131895712e-25
2.241927974010595221e+02 1.708508059289617639e-25
2.257483886018050612e+02 1.715399538611632364e-25
2.273147734766199335e+02 1.722373114690666900e-25
2.288920269188310215e+02 1.729429219038716575e-25
2.304802243414216605e+02 1.736568288997803728e-25
2.320794416806390643e+02 1.743790766905417358e-25
2.336897553996231522e+02 1.751097099452936572e-25
2.353112424920640535e+02 1.758487737190184740e-25
2.369439804858827756e+02 1.765963134141900589e-25
2.385880474469372530e+02 1.773523747512168870e-25
2.402435219827566755e+02 1.781170037455545410e-25
2.419104832462978152e+02 1.788902466902724412e-25
2.435890109397315086e+02 1.796721501427806775e-25
2.452791853182525017e+02 1.804627609149590942e-25
2.469810871939160108e+02 1.812621260659962795e-25
2.486947979395033599e+02 1.820702928974494353e-25
2.504203994924105814e+02 1.828873089500228573e-25
2.521579743585679125e+02 1.837132220018942788e-25
2.539076056163837620e+02 1.845480800681881711e-25
2.556693769207162745e+02 1.853919314014366432e-25
2.574433725068748231e+02 1.862448244929254283e-25
2.592296771946456033e+02 1.871068080746801483e-25
2.610283763923487186e+02 1.879779311220677834e-25
2.628395561009211860e+02 1.888582428568761921e-25
2.646633029180280232e+02 1.897477927508320764e-25
2.664997040422045984e+02 1.906466305294627562e-25
2.683488472770237649e+02 1.915548061762764293e-25
2.702108210352957371e+02 1.924723699372141267e-25
2.720857143432946259e+02 1.933993723253147032e-25
2.739736168450143055e+02 1.943358641256289777e-25
2.758746188064563967e+02 1.952818964002713744e-25
2.777888111199438299e+02 1.962375204936393932e-25
2.797162853084688550e+02 1.972027880378192993e-25
2.816571335300678243e+02 1.981777509580752690e-25
2.836114485822271263e+02 1.991624614784816145e-25
2.855793239063216902e+02 2.001569721276872519e-25
2.875608535920806617e+02 2.011613357447951479e-25
2.895561323820878670e+02 2.021756054853152339e-25
2.915652556763112102e+02 2.031998348272699974e-25
2.935883195366627092e+02 2.042340775774192986e-25
2.956254206915940017e+02 2.052783878775995450e-25
2.976766565407184544e+02 2.063328202112175401e-25
2.997421251594703904e+02 2.073974294099008426e-25
3.018219253037934777e+02 2.084722706603550770e-25
3.039161564148614616e+02 2.095573995114763175e-25
3.060249186238351058e+02 2.106528718817007284e-25
3.081483127566470444e+02 2.117587440667364930e-25
3.102864403388250025e+02 2.128750727478171616e-25
3.124394036003446899e+02 2.140019150004414061e-25
3.146073054805171409e+02 2.151393283039575692e-25
3.167902496329126620e+02 2.162873705521977097e-25
3.189883404303140537e+02 2.174461000653967023e-25
3.212016829697095091e+02 2.186155756041346103e-25
3.234303830773163213e+02 2.197958563857572401e-25
3.256745473136401188e+02 2.209870021045540524e-25
3.279342829785717299e+02 2.221890729570988820e-25
3.302096981165151988e+02 2.234021296751871054e-25
3.325009015215558748e+02 2.246262335699841785e-25
3.348080027426610741e+02 2.258614465931011546e-25
3.371311120889170638e+02 2.271078314238530074e-25
3.394703406348055523e+02 2.283654515980662256e-25
3.418258002255118981e+02 2.296343717048715366e-25
3.441976034822747579e+02 2.309146576983728712e-25
3.465858638077702949e+02 2.322063774111410866e-25
3.489906953915329382e+02 2.335096014384498830e-25
3.514122132154175802e+02 2.348244047404572928e-25
3.538505330590944027e+02 2.361508697239269453e-25
3.563057715055872450e+02 2.374890926158727726e-25
3.587780459468463619e+02 2.388391978924395573e-25
3.612674745893606314e+02 2.402013749924195375e-25
3.637741764598115992e+02 2.415759877613057453e-25
3.662982714107614584e+02 2.429639850952139451e-25
3.688398801263868449e+02 2.443691446154711880e-25
3.713991241282458873e+02 2.458252844908130729e-25
3.739761257810910138e+02 2.515159380360290118e-25
3.765710082987187093e+02 2.486570695256132424e-25
3.791838957498594596e+02 2.500757589450944280e-25
3.818149130641124316e+02 2.515286713808000687e-25
3.844641860379156242e+02 2.529975581191528709e-25
3.871318413405634260e+02 2.544800009465105358e-25
3.898180065202618039e+02 2.559754366475724981e-25
3.925228100102253848e+02 2.574837171397927653e-25
3.952463811348213767e+02 2.590048230622707484e-25
3.979888501157492442e+02 2.605387841092889511e-25
4.007503480782701786e+02 2.620856516523483292e-25
4.035310070574753354e+02 2.636454878329954406e-25
4.063309600045972161e+02 2.652183607129302923e-25
4.091503407933698213e+02 2.668043419262662271e-25
4.119892842264259230e+02 2.684035054635544407e-25
4.148479260417452679e+02 2.700159270067962659e-25
4.177264029191435384e+02 2.716416835491225828e-25
4.206248524868058780e+02 2.732808531694836021e-25
4.235434133278704962e+02 2.749335148952893653e-25
4.264822249870512110e+02 2.765997486168773326e-25
4.294414279773124008e+02 2.782796350337203831e-25
4.324211637865862485e+02 2.799732556203103419e-25
4.354215748845361418e+02 2.816806926049044447e-25
4.384428047293717441e+02 2.834020289565623907e-25
4.414849977747045386e+02 2.851373483780110916e-25
4.445482994764578280e+02 2.868867353021970754e-25
4.476328562998199914e+02 2.886502748916585608e-25
4.507388157262458321e+02 2.904280530398528022e-25
4.538663262605115847e+02 2.922201563737691764e-25
4.570155374378115312e+02 2.940266722577190960e-25
4.601865998309110068e+02 2.958476887977628473e-25
4.633796650573440843e+02 2.976832948469241482e-25
4.665948857866619051e+02 2.995335800106264416e-25
4.698324157477349559e+02 3.013986346528663074e-25
4.730924097361000236e+02 3.032785499024151592e-25
4.763750236213644484e+02 3.051734176595498223e-25
4.796804143546572732e+02 3.070833306030958565e-25
4.830087399761322331e+02 3.090083821977102034e-25
4.863601596225273056e+02 3.109486667017164986e-25
4.897348335347697343e+02 3.129042791753327520e-25
4.931329230656409663e+02 3.148753154897001999e-25
4.965545906874899629e+02 3.168618723366703064e-25
4.999999999999999432e+02 3.188640472401500741e-25
5.034693157380134494e+02 3.208819385691486083e-25
5.069627037794076045e+02 3.229156455541237892e-25
5.104803311530232008e+02 3.249652683079614942e-25
5.140223660466548381e+02 3.270309078549525895e-25
5.175889778150880147e+02 3.291126661732099094e-25
5.211803369882004517e+02 3.312106462611508646e-25
5.247966152791137802e+02 3.333249522487769467e-25
5.284379855924019012e+02 3.354556895975422516e-25
5.321046220323622720e+02 3.376029654873694750e-25
5.357966999113355087e+02 3.397668896335489204e-25
5.395143957580917231e+02 3.419475761987634931e-25
5.432578873262691559e+02 3.441451489017837057e-25
5.470273536028711305e+02 3.463597573785465854e-25
5.508229748168283777e+02 3.485916458901367820e-25
5.546449324476112679e+02 3.508416164049946912e-25
5.584934092339112794e+02 3.531218462568735217e-25
5.623685891823758993e+02 3.554089658087815554e-25
5.662706575764057106e+02 3.576918837388779112e-25
5.701998009850165090e+02 3.600091581046709319e-25
5.741562072717555338e+02 3.623451318904325210e-25
5.781400656036876171e+02 3.646991770598464824e-25
5.821515664604382891e+02 3.670712749200758348e-25
5.861909016432991848e+02 3.694615041721717866e-25
5.902582642844026850e+02 3.718699692758218626e-25
5.943538488559515827e+02 3.742967840166421097e-25
5.984778511795212808e+02 3.767420665287479392e-25
6.026304684354212213e+02 3.792059374860344687e-25
6.068118991721202065e+02 3.816885193552445911e-25
6.110223433157442514e+02 3.841899360576394296e-25
6.152620021796307128e+02 3.867103128055394203e-25
6.195310784739577912e+02 3.892497760203058006e-25
6.238297763154347422e+02 3.918084532908688014e-25
6.281583012370599590e+02 3.943864733537308809e-25
6.325168601979518144e+02 3.969839660848871757e-25
6.369056615932391878e+02 3.996010624985667572e-25
6.413249152640298689e+02 4.022378947503634875e-25
6.457748325074419427e+02 4.048945961428324746e-25
6.502556260867041829e+02 4.075713011329779253e-25
6.547675102413337527e+02 4.102681453408582694e-25
6.593107006973741591e+02 4.129852655592390339e-25
6.638854146777144933e+02 4.157227997639933054e-25
6.684918709124732459e+02 4.184808871251173057e-25
6.731302896494547667e+02 4.212596680187170825e-25
6.778008926646843975e+02 4.240592840397580308e-25
6.825039032730068129e+02 4.268798780164689237e-25
6.872395463387682639e+02 4.297215940264159706e-25
6.920080482865656677e+02 4.325845774163672030e-25
6.968096371120709591e+02 4.354689748279641684e-25
7.016445423929365006e+02 4.383749342347433907e-25
7.065129952997667715e+02 4.413026050018829826e-25
7.114152286071758908e+02 4.442521379952133081e-25
7.163514767049153988e+02 4.472236858075045122e-25
7.213219756090785495e+02 4.502174032984285656e-25
7.263269629733905504e+02 4.532334491126549334e-25
7.313666781005648545e+02 4.562719909888334250e-25
7.364413619537507429e+02 4.593332316863493909e-25
7.415512571680520750e+02 4.624176497839949966e-25
7.466966080621258470e+02 4.655741123028470931e-25
7.518776606498690853e+02 4.686548924816937793e-25
7.570946626521758844e+02 4.718073025698625101e-25
7.623478635087872135e+02 4.749838722239953878e-25
7.676375143902112086e+02 4.781841353615569617e-25
7.729638682097383935e+02 4.814081935335545251e-25
7.783271796355309107e+02 4.846562001453040913e-25
7.837277051027973584e+02 4.879283201905306012e-25
7.891657028260589186e+02 4.912247232712466524e-25
7.946414328114889258e+02 4.945456296916434473e-25
8.001551568693499803e+02 4.978910669711797439e-25
8.057071386265098454e+02 5.012613574767798815e-25
8.112976435390434062e+02 5.046566299263736456e-25
8.169269389049309211e+02 5.080770632040571347e-25
8.225952938768310787e+02 5.115228379323547576e-25
8.283029794749566008e+02 5.149941363778965558e-25
8.340502686000294261e+02 5.184911424509476387e-25
8.398374360463265020e+02 5.220140417160887438e-25
8.456647585148242570e+02 5.255630214068437941e-25
8.515325146264220848e+02 5.291382704417732427e-25
8.574409849352695119e+02 5.327399794421536911e-25
8.633904519421778332e+02 5.363683407511903347e-25
8.693812001081250855e+02 5.400235484549699654e-25
8.754135158678624293e+02 5.437057984065537389e-25
8.814876876436027260e+02 5.474152882556288358e-25
8.876040058588170041e+02 5.511522174896874062e-25
8.937627629521176686e+02 5.549167875015015070e-25
8.999642533912381168e+02 5.587092017238424684e-25
9.062087736871186507e+02 5.625296659647471272e-25
9.124966224080760639e+02 5.663783894678557925e-25
9.188281001940850956e+02 5.702555895109591864e-25
9.252035097711509479e+02 5.741615253193847866e-25
9.316231559657798016e+02 5.780976840578628298e-25
9.380873457195606306e+02 5.820605975113396015e-25
9.445963881038330783e+02 5.860532117111428188e-25
9.511505943344717480e+02 5.900758489381319920e-25
9.577502777867638315e+02 5.941282806571147419e-25
9.643957540103887141e+02 5.982106996108209879e-25
9.710873407445130852e+02 6.023233243636607022e-25
9.778253579329743843e+02 6.064663796626215063e-25
9.846101277395855504e+02 6.106400934562723031e-25
9.914419745635356094e+02 6.148446961974738032e-25
9.983212250548965585e+02 6.190804206422608082e-25
1.005248208130249395e+03 6.233475017903622891e-25
1.012223254988401777e+03 6.276461768739789047e-25
1.019246699126230965e+03 6.319766853660591244e-25
1.026318876354625900e+03 6.363392689967307110e-25
1.033440124814540923e+03 6.407341717744459358e-25
1.040610784993169545e+03 6.451616400093393851e-25
1.047831199740216334e+03 6.496219223388438200e-25
1.055101714284297032e+03 6.541152697554528723e-25
1.062422676249441338e+03 6.586419356381486216e-25
1.069794435671710517e+03 6.632021757912488360e-25
1.077217345015942101e+03 6.677962485006328876e-25
1.084691759192592144e+03 6.724244146384103409e-25
1.092218035574712985e+03 6.770869379294114913e-25
1.099796534015037196e+03 6.817840859132157990e-25
1.107427616863179537e+03 6.865161354575469614e-25
1.115111648982969200e+03 6.912834542399895741e-25
1.122848997769886864e+03 6.960873185375502478e-25
1.130640033168638411e+03 7.009243095910159677e-25
1.138485127690839818e+03 7.057985966979775293e-25
1.146384656432824158e+03 7.107091811953714454e-25
1.154338997093584794e+03 7.156563238833452612e-25
1.162348529992823842e+03 7.206403078065993683e-25
1.170413638089145707e+03 7.256614213504661835e-25
1.178534706998363845e+03 7.307199562860444919e-25
1.186712125011933040e+03 7.358162073810179715e-25
1.194946283115524921e+03 7.409504723074200289e-25
1.203237575007711939e+03 7.461230516269133956e-25
1.211586397118798914e+03 7.513342488012350385e-25
1.219993148629774851e+03 7.565843702116744682e-25
1.228458231491394827e+03 7.618737251828055929e-25
1.236982050443406933e+03 7.672026260087326599e-25
1.245565013033894047e+03 7.725713879821847513e-25
1.254207529638769074e+03 7.779803294291515412e-25
1.262910013481392070e+03 7.834297717588643053e-25
1.271672880652324011e+03 7.889200395620925952e-25
1.280496550129229490e+03 7.944514609031074646e-25
1.289381443796900385e+03 8.000243687073496108e-25
1.298327986467434812e+03 8.056391146726038446e-25
1.307336605900545919e+03 8.113212190382933571e-25
1.316407732824009827e+03 8.169953547845655836e-25
1.325541800954269320e+03 8.227375289303401135e-25
1.334739247017160324e+03 8.285229104803224548e-25
1.344000510768802087e+03 8.343518281614277344e-25
1.353326035016620381e+03 8.402246323887764084e-25
1.362716265640513711e+03 8.461416786493989086e-25
1.372171651614182565e+03 8.521033260573195473e-25
1.381692645026584842e+03 8.581099370908651216e-25
1.391279701103562729e+03 8.641618775245641169e-25
1.400933278229597590e+03 8.702595164066133995e-25
1.410653837969735150e+03 8.764032260479064455e-25
1.420441845091651885e+03 8.825933820139694497e-25
1.430297767587870794e+03 8.888303631173657956e-25
1.440222076698148840e+03 8.951145514126012054e-25
1.450215246931995580e+03 9.014463322043167524e-25
1.460277756091372339e+03 9.078260941133433779e-25
1.470410085293531665e+03 9.142542294486990173e-25
1.480612718994017087e+03 9.207311372538436394e-25
1.490886145009836582e+03 9.272573562437745381e-25
1.501230854542774523e+03 9.338328619698852143e-25
1.511647342202888012e+03 9.404584273494746668e-25
1.522136106032151247e+03 9.471343993893491649e-25
1.532697647528263133e+03 9.538611595707989372e-25
1.543332471668637027e+03 9.606391181096197669e-25
1.554041086934531677e+03 9.674686895224027613e-25
1.564824005335374977e+03 9.743502911781853544e-25
1.575681742433239378e+03 9.812843429715635925e-25
1.586614817367487831e+03 9.882712671421556715e-25
1.597623752879606627e+03 9.953114881157744667e-25
1.608709075338185585e+03 1.002405432340570783e-24
1.619871314764097406e+03 1.009553528112748135e-24
1.631111004855834835e+03 1.016756205394018941e-24
1.642428683015021534e+03 1.024013895643798668e-24
1.653824890372120990e+03 1.031327031797287265e-24
1.665300171812294138e+03 1.038696049641588997e-24
1.676855076001464113e+03 1.046121451828736969e-24
1.688490155412545391e+03 1.053603467932457389e-24
1.700205966351852794e+03 1.061142702529634044e-24
1.712003068985712616e+03 1.068739571232756913e-24
1.723882027367231785e+03 1.076394490086972835e-24
1.735843409463279386e+03 1.084107889705802176e-24
1.747887787181637350e+03 1.091880199854584594e-24
1.760015736398339186e+03 1.099711848113204161e-24
1.772227836985217436e+03 1.107603259152043068e-24
1.784524672837614617e+03 1.115554854044255894e-24
1.796906831902312661e+03 1.123567049538045854e-24
1.809374906205639945e+03 1.131640257272064747e-24
1.821929491881772037e+03 1.139774882934840820e-24
1.834571189201246852e+03 1.147971325415727101e-24
1.847300602599651029e+03 1.156229976375481920e-24
1.860118340706532763e+03 1.164551231250438139e-24
1.873025016374496317e+03 1.172935446005741435e-24
1.886021246708498438e+03 1.181382931161188077e-24
1.899107653095367823e+03 1.189894114162068584e-24
1.912284861233499214e+03 1.198469296983404077e-24
1.925553501162784187e+03 1.207108793822944956e-24
1.938914207294728385e+03 1.215812901431354247e-24
1.952367618442779758e+03 1.224581896202006116e-24
1.965914377852884854e+03 1.233416031769350075e-24
1.979555133234229061e+03 1.242315536476299403e-24
1.993290536790218994e+03 1.251280610625178545e-24
2.007121245249660660e+03 1.260311423487669198e-24
2.021047919898152713e+03 1.269408110100931025e-24
2.035071226609719133e+03 1.278570768351001441e-24
2.049191835878630627e+03 1.287799482546797762e-24
2.063410422851475687e+03 1.297094173212733304e-24
2.077727667359437419e+03 1.306454872571978449e-24
2.092144253950789789e+03 1.315881472660540984e-24
2.106660871923644208e+03 1.325373806104777616e-24
2.121278215358888247e+03 1.334931643671444991e-24
2.135996983153388101e+03 1.344554681345790235e-24
2.150817879053397064e+03 1.354242532414750227e-24
2.165741611688199100e+03 1.363994719061262417e-24
2.180768894604002526e+03 1.373810663160111914e-24
2.195900446298042880e+03 1.383689676172027103e-24
2.211136990252948181e+03 1.393630948127783401e-24
2.226479254971327464e+03 1.403633537003006790e-24
2.241927974010592607e+03 1.413696920358684023e-24
2.257483886018050725e+03 1.423818121449324903e-24
2.273147734766199392e+03 1.433997432662186263e-24
2.288920269188307884e+03 1.444232650539771805e-24
2.304802243414216719e+03 1.454521925886554756e-24
2.320794416806388199e+03 1.464863170710477251e-24
2.336897553996231636e+03 1.475254032478442126e-24
2.353112424920640478e+03 1.485691866575739713e-24
2.369439804858825028e+03 1.496173705864809157e-24
2.385880474469372530e+03 1.506696226958020995e-24
2.402435219827564197e+03 1.517255713021327206e-24
2.419104832462978266e+03 1.527848019598302862e-24
2.435890109397314973e+03 1.538468491551053527e-24
2.452791853182522573e+03 1.549111967455561648e-24
2.469810871939159824e+03 1.559772701886739885e-24
2.486947979395030870e+03 1.570444275368872698e-24
2.504203994924105700e+03 1.581119549301949441e-24
2.521579743585678898e+03 1.591790580453095360e-24
2.539076056163837620e+03 1.602448532194581928e-24
2.556693769207162859e+03 1.613083575665607781e-24
2.574433725068745844e+03 1.623684779472289005e-24
2.592296771946456374e+03 1.634239986921637456e-24
2.610283763923487186e+03 1.644735732106774017e-24
2.628395561009212088e+03 1.655156806917197286e-24
2.646633029180280118e+03 1.665486649813310584e-24
2.664997040422043483e+03 1.675706598002826248e-24
2.683488472770237877e+03 1.685795941103966658e-24
2.702108210352957030e+03 1.695731632231304461e-24
2.720857143432946032e+03 1.705488017765163110e-24
2.739736168450142941e+03 1.715036537201541357e-24
2.758746188064561011e+03 1.724345388458958912e-24
2.777888111199438299e+03 1.733379155416844945e-24
2.797162853084688322e+03 1.742098472071884074e-24
2.816571335300678584e+03 1.750459155787393446e-24
2.836114485822271490e+03 1.758412512972162528e-24
2.855793239063214060e+03 1.765903962537536747e-24
2.875608535920806389e+03 1.772872815088439622e-24
2.895561323820878897e+03 1.779251517821983144e-24
2.915652556763111988e+03 1.784964913441644608e-24
2.935883195366627206e+03 1.789929440208666313e-24
2.956254206915937175e+03 1.794052275233957111e-24
2.976766565407184771e+03 1.797230433384096492e-24
2.997421251594703790e+03 1.799349788084013428e-24
3.018219253037934777e+03 1.800284156446101883e-24
3.039161564148614616e+03 1.799894306390246073e-24
3.060249186238348102e+03 1.798027023433542412e-24
3.081483127566470557e+03 1.794514296438487459e-24
3.102864403388249684e+03 1.789172640805662105e-24
3.124394036003446672e+03 1.781802670877520982e-24
3.146073054805171523e+03 1.772189027726617370e-24
3.167902496329123551e+03 1.760100836134289840e-24
3.189883404303140651e+03 1.745292570772210369e-24
3.212016829697095091e+03 1.727506383358839114e-24
3.234303830773163099e+03 1.706474669548467624e-24
3.256745473136400960e+03 1.681924521834304412e-24
3.279342829785714002e+03 1.653583474953877533e-24
3.302096981165152101e+03 1.621187013985819382e-24
3.325009015215558520e+03 1.584487982648962801e-24
3.348080027426610741e+03 1.543267986679802603e-24
3.371311120889170525e+03 1.497350710994305019e-24
3.394703406348052340e+03 1.446617153932113018e-24
3.418258002255118754e+03 1.391022257398431901e-24
3.441976034822747806e+03 1.330612661483047384e-24
3.465858638077703290e+03 1.265545175302120514e-24
3.489906953915329723e+03 1.196105661642270980e-24
3.514122132154172050e+03 1.122728600775747876e-24
3.538505330590944141e+03 1.046018521150617375e-24
3.563057715055871995e+03 9.667757124267102365e-25
3.587780459468463505e+03 8.860321405282601668e-25
3.612674745893606541e+03 8.051043874434035725e-25
3.637741764598112240e+03 7.256766769598856980e-25
3.662982714107614811e+03 6.499251643688762446e-25
3.688398801263864698e+03 5.806814449428363593e-25
3.713991241282458759e+03 5.215742105195643182e-25
3.739761257810910138e+03 4.769390817858418422e-25
3.765710082987183341e+03 4.510973139445924016e-25
3.791838957498594937e+03 4.468060247654913444e-25
3.818149130641120337e+03 4.637520319896291584e-25
3.844641860379156242e+03 4.986292759858389069e-25
3.871318413405634146e+03 5.467775562579183099e-25
3.898180065202614060e+03 6.037951890784278440e-25
3.925228100102254302e+03 6.662401538781831047e-25
3.952463811348209674e+03 7.316562587646560284e-25
3.979888501157492556e+03 7.983619520210024874e-25
4.007503480782701899e+03 8.652265860819439502e-25
4.035310070574748806e+03 9.314981765731736832e-25
4.063309600045972275e+03 9.966832926728157503e-25
4.091503407933694234e+03 1.060465994316725816e-24
4.119892842264259343e+03 1.122653226854918482e-24
4.148479260417452679e+03 1.183137731624061788e-24
4.177264029191431291e+03 1.241872378252978286e-24
4.206248524868058666e+03 1.298852196734189544e-24
4.235434133278700756e+03 1.354101593116287164e-24
4.264822249870511769e+03 1.407665146765971661e-24
4.294414279773124690e+03 1.459600940033915585e-24
4.324211637865858393e+03 1.509975630331146040e-24
4.354215748845361304e+03 1.558860992149460084e-24
4.384428047293712552e+03 1.606331198767238651e-24
4.414849977747045159e+03 1.652460982173766785e-24
4.445482994764578507e+03 1.697324255560487031e-24
4.476328562998200141e+03 1.740993317073928361e-24
4.507388157262457753e+03 1.783537302820642701e-24
4.538663262605111413e+03 1.825023483950417378e-24
4.570155374378115084e+03 1.865515232303857154e-24
4.601865998309110182e+03 1.905072732803951688e-24
4.633796650573441184e+03 1.943752737415341016e-24
4.665948857866618710e+03 1.981608563721974735e-24
4.698324157477344670e+03 2.018690113280510850e-24
4.730924097361000349e+03 2.055043992287893250e-24
4.763750236213644712e+03 2.090713558638766173e-24
4.796804143546572959e+03 2.125739053540528287e-24
4.830087399761322558e+03 2.160157711034081110e-24
4.863601596225267713e+03 2.194003872435446214e-24
4.897348335347696775e+03 2.227309101681806304e-24
4.931329230656409891e+03 2.260102293046105104e-24
4.965545906874899629e+03 2.292409772252773868e-24
4.999999999999999091e+03 2.324255390386317982e-24
