5.000000000000000888e+00 7.285214171373992254e-24
5.034693157380139006e+00 7.047123784883123064e-24
5.069627037794075974e+00 6.820840998395369895e-24
5.104803311530234922e+00 6.605522670735909810e-24
5.140223660466546995e+00 6.400395822358031935e-24
5.175889778150882137e+00 6.204751848006421135e-24
5.211803369882009207e+00 6.017941168692077499e-24
5.247966152791137873e+00 5.839368264377235355e-24
5.284379855924021818e+00 5.668487108017654205e-24
5.321046220323622400e+00 5.504796930370417059e-24
5.357966999113356721e+00 5.347838326376916160e-24
5.395143957580921246e+00 5.197189677322146703e-24
5.432578873262690955e+00 5.052463863685284070e-24
5.470273536028714467e+00 4.913305231485486320e-24
5.508229748168283813e+00 4.779386837892718864e-24
5.546449324476114384e+00 4.650407906744121404e-24
5.584934092339116418e+00 4.526091525785311263e-24
5.623685891823758887e+00 4.406182511844723531e-24
5.662706575764059558e+00 4.290445493473381220e-24
5.701998009850164806e+00 4.178663146961291941e-24
5.741562072717556475e+00 4.070634589529363199e-24
5.781400656036880470e+00 3.966173917504584668e-24
5.821515664604382856e+00 3.865108883787423658e-24
5.861909016432995223e+00 3.767279682568376869e-24
5.902582642844026672e+00 3.671519606087779540e-24
5.943538488559517496e+00 3.577788648569065343e-24
5.984778511795218137e+00 3.487022387792002011e-24
6.026304684354212071e+00 3.399093549127403239e-24
6.068118991721204836e+00 3.313882972341449387e-24
6.110223433157442763e+00 3.231278940962872837e-24
6.152620021796308514e+00 3.151176559330295788e-24
6.195310784739581855e+00 3.073477209632415234e-24
6.238297763154347919e+00 2.998088032877654065e-24
6.281583012370603569e+00 2.924921479482170131e-24
6.325168601979518357e+00 2.853894882137638253e-24
6.369056615932393584e+00 2.784930079821608788e-24
6.413249152640303485e+00 2.717953061756207736e-24
6.457748325074419427e+00 2.652893664531637263e-24
6.502556260867045523e+00 2.589685275010024240e-24
6.547675102413337278e+00 2.528264570849590501e-24
6.593107006973743189e+00 2.468571288097293370e-24
6.638854146777149801e+00 2.410547989308496120e-24
6.684918709124731961e+00 2.353296345159686088e-24
6.731302896494550936e+00 2.297619638167358637e-24
6.778008926646843513e+00 2.243489091829310303e-24
6.825039032730071398e+00 2.190856056194738695e-24
6.872395463387687364e+00 2.139673887133680527e-24
6.920080482865659022e+00 2.089897820103764098e-24
6.968096371120712895e+00 2.041484865353247735e-24
7.016445423929364544e+00 1.994393696836951678e-24
7.065129952997670770e+00 1.948584553056471521e-24
7.114152286071764308e+00 1.904019156186358255e-24
7.163514767049155907e+00 1.860660627669568794e-24
7.213219756090789581e+00 1.818473408858321556e-24
7.263269629733905219e+00 1.777423205098549992e-24
7.313666781005652595e+00 1.737476909310468970e-24
7.364413619537513611e+00 1.698602551039092271e-24
7.415512571680523024e+00 1.660769239431111465e-24
7.466966080621261881e+00 1.623947113988778925e-24
7.518776606498691173e+00 1.588107299946846286e-24
7.570946626521762646e+00 1.553221860062784951e-24
7.623478635087869826e+00 1.519263760325684580e-24
7.676375143902114395e+00 1.486206832054224678e-24
7.729638682097387914e+00 1.454025729224206527e-24
7.783271796355308858e+00 1.422695904899191299e-24
7.837277051027977670e+00 1.392193576627450992e-24
7.891657028260587126e+00 1.362495694138031668e-24
7.946414328114890679e+00 1.333579919131361617e-24
8.001551568693503924e+00 1.305424593565632249e-24
8.057071386265098667e+00 1.278008717225603833e-24
8.112976435390438112e+00 1.251311925551305142e-24
8.169269389049306440e+00 1.225314466770676056e-24
8.225952938768314127e+00 1.199997179695911545e-24
8.283029794749570129e+00 1.175341476394692575e-24
8.340502686000293764e+00 1.151329319180460914e-24
8.398374360463268573e+00 1.127943207848061917e-24
8.456647585148241220e+00 1.105166158741561048e-24
8.515325146264222766e+00 1.082981686087297894e-24
8.574409849352699453e+00 1.061373790453509505e-24
8.633904519421777835e+00 1.040326939972162248e-24
8.693812001081255403e+00 1.019826056963089576e-24
8.754135158678622020e+00 9.998565025369498985e-25
8.814876876436029463e+00 9.804040630018662975e-25
8.876040058588174020e+00 9.614549388033504239e-25
8.937627629521175621e+00 9.429957255826798499e-25
8.999642533912386000e+00 9.250134076741428504e-25
9.062087736871186294e+00 9.074953438238008635e-25
9.124966224080763411e+00 8.904292544750482694e-25
9.188281001940856285e+00 8.738032119819702546e-25
9.252035097711509337e+00 8.576056273856462966e-25
9.316231559657802919e+00 8.418252433390785196e-25
9.380873457195605170e+00 8.264511204362268328e-25
9.445963881038332843e+00 8.114726284063869018e-25
9.511505943344722880e+00 7.968794365201607521e-25
9.577502777867637818e+00 7.826615034039078707e-25
9.643957540103892612e+00 7.688090696827479569e-25
9.710873407445131278e+00 7.553126474764517690e-25
9.778253579329746259e+00 7.421630121995603341e-25
9.846101277395861828e+00 7.293511949906764891e-25
9.914419745635354886e+00 7.168684728787808390e-25
9.983212250548969990e+00 7.047063642743750346e-25
1.005248208130249488e+01 6.931732962644177971e-25
1.012223254988401777e+01 6.820250598640173197e-25
1.019246699126231981e+01 6.711501166116425692e-25
1.026318876354625864e+01 6.605417601260595410e-25
1.033440124814541505e+01 6.501934606728293801e-25
1.040610784993169524e+01 6.400988581061715703e-25
1.047831199740216412e+01 6.302517587863458958e-25
1.055101714284298176e+01 6.206461290937287396e-25
1.062422676249441267e+01 6.112760900546940717e-25
1.069794435671711241e+01 6.021359133543213665e-25
1.077217345015942129e+01 5.932200167517650453e-25
1.084691759192592109e+01 5.845229592158278864e-25
1.092218035574714108e+01 5.760394359692944923e-25
1.099796534015037253e+01 5.677642754950837374e-25
1.107427616863180120e+01 5.596924354803732019e-25
1.115111648982969150e+01 5.518189970895993277e-25
1.122848997769887447e+01 5.441391640798143484e-25
1.130640033168639569e+01 5.366482563271983087e-25
1.138485127690839782e+01 5.293417081078566989e-25
1.146384656432824833e+01 5.222150645116263302e-25
1.154338997093584673e+01 5.152639774052044821e-25
1.162348529992824453e+01 5.084842034367541293e-25
1.170413638089146957e+01 5.018715994999559323e-25
1.178534706998363824e+01 4.954221216262365034e-25
1.186712125011933594e+01 4.891318206878708567e-25
1.194946283115524999e+01 4.829968408318724788e-25
1.203237575007712579e+01 4.770134157871747028e-25
1.211586397118800207e+01 4.711778677849143516e-25
1.219993148629774993e+01 4.654866037268005460e-25
1.228458231491395480e+01 4.599361135263844522e-25
1.236982050443406855e+01 4.545229685976649410e-25
1.245565013033894708e+01 4.492438184265783975e-25
1.254207529638770424e+01 4.440953892925339123e-25
1.262910013481392113e+01 4.390744823644626015e-25
1.271672880652324622e+01 4.341779715733250955e-25
1.280496550129229583e+01 4.294028014714365923e-25
1.289381443796900939e+01 4.247459865066373916e-25
1.298327986467436013e+01 4.202046082927765531e-25
1.307336605900545834e+01 4.157758146007245756e-25
1.316407732824010424e+01 4.114568173475537966e-25
1.325541800954269256e+01 4.072448916825676571e-25
1.334739247017160935e+01 4.031373742502289859e-25
1.344000510768803558e+01 3.991316613671989061e-25
1.353326035016620388e+01 3.952252086143570007e-25
1.362716265640514379e+01 3.914155286163779829e-25
1.372171651614182508e+01 3.877001905871216992e-25
1.381692645026585531e+01 3.840768185444859909e-25
1.391279701103562694e+01 3.805430905209695293e-25
1.400933278229597434e+01 3.770967368292842219e-25
1.410653837969735847e+01 3.737355400403245654e-25
1.420441845091651878e+01 3.704573327774387762e-25
1.430297767587871505e+01 3.672599975226344496e-25
1.440222076698148790e+01 3.641414649588141420e-25
1.450215246931995594e+01 3.610997138445401308e-25
1.460277756091373114e+01 3.581327692369169584e-25
1.470410085293531743e+01 3.552387019404331715e-25
1.480612718994017740e+01 3.524156276161653651e-25
1.490886145009836561e+01 3.496617058213831808e-25
1.501230854542774473e+01 3.469751392821788413e-25
1.511647342202888744e+01 3.443541728916189368e-25
1.522136106032151126e+01 3.417970932448427004e-25
1.532697647528264007e+01 3.393022271851287234e-25
1.543332471668636963e+01 3.368679416359435367e-25
1.554041086934531712e+01 3.344926426755867184e-25
1.564824005335375823e+01 3.321747745452347409e-25
1.575681742433239485e+01 3.299128191353886110e-25
1.586614817367488683e+01 3.277052952297273489e-25
1.597623752879606585e+01 3.255507577943312774e-25
1.608709075338185457e+01 3.234477970383339715e-25
1.619871314764099068e+01 3.213950381420143438e-25
1.631111004855834778e+01 3.193911401942839685e-25
1.642428683015022273e+01 3.174347957000891948e-25
1.653824890372121104e+01 3.155247299333453578e-25
1.665300171812294039e+01 3.136597000461121244e-25
1.676855076001465861e+01 3.118384947569511144e-25
1.688490155412545590e+01 3.100599334687953130e-25
1.700205966351853704e+01 3.083228657203779994e-25
1.712003068985712417e+01 3.066261705143596650e-25
1.723882027367231728e+01 3.049687558346894568e-25
1.735843409463281262e+01 3.033495578024712496e-25
1.747887787181637265e+01 3.017675403125330280e-25
1.760015736398340280e+01 3.002216943420630974e-25
1.772227836985217664e+01 2.987110372550460621e-25
1.784524672837614645e+01 2.972346124341624170e-25
1.796906831902314394e+01 2.957914885286729615e-25
1.809374906205639988e+01 2.943807590347522092e-25
1.821929491881772734e+01 2.930015416157986823e-25
1.834571189201246710e+01 2.916529776578642335e-25
1.847300602599650787e+01 2.903342316155658727e-25
1.860118340706534568e+01 2.890444906225245512e-25
1.873025016374496232e+01 2.877829637722939617e-25
1.886021246708499532e+01 2.865488818543431752e-25
1.899107653095367709e+01 2.853414966369975109e-25
1.912284861233499456e+01 2.841600804039922658e-25
1.925553501162785963e+01 2.830039255649431365e-25
1.938914207294728342e+01 2.818723440130218972e-25
1.952367618442780639e+01 2.807646667978864843e-25
1.965914377852884698e+01 2.796802435714054254e-25
1.979555133234229203e+01 2.786184421215767632e-25
1.993290536790221168e+01 2.775786479355370202e-25
2.007121245249660646e+01 2.765602637842060555e-25
2.021047919898153822e+01 2.755627092550411926e-25
2.035071226609719020e+01 2.745854202782680431e-25
2.049191835878630386e+01 2.736278488190510454e-25
2.063410422851477577e+01 2.726894623303991087e-25
2.077727667359437191e+01 2.717697434571578143e-25
2.092144253950791111e+01 2.708681895725108448e-25
2.106660871923644152e+01 2.699843124245833118e-25
2.121278215358888275e+01 2.691176377306672588e-25
2.135996983153390261e+01 2.682677048070487555e-25
2.150817879053397164e+01 2.674340662096682288e-25
2.165741611688200052e+01 2.666162873988612088e-25
2.180768894604002384e+01 2.658139463113289684e-25
2.195900446298042752e+01 2.650266331455272805e-25
2.211136990252950341e+01 2.642539499007313430e-25
2.226479254971327393e+01 2.634955101047775123e-25
2.241927974010593871e+01 2.627509385070495709e-25
2.257483886018050612e+01 2.620198707683395125e-25
2.273147734766199335e+01 2.613019530776415261e-25
2.288920269188310286e+01 2.605968419782421531e-25
2.304802243414216534e+01 2.599042039879780767e-25
2.320794416806389648e+01 2.592237153312422360e-25
2.336897553996231380e+01 2.585550616894089272e-25
2.353112424920640322e+01 2.578979379065866286e-25
2.369439804858827614e+01 2.572520477508455729e-25
2.385880474469372459e+01 2.566171036040570426e-25
2.402435219827565405e+01 2.559928262926935395e-25
2.419104832462978294e+01 2.553789447610017742e-25
2.435890109397316294e+01 2.547751959047603059e-25
2.452791853182525017e+01 2.541813243102811798e-25
2.469810871939160180e+01 2.535970820050873459e-25
2.486947979395032249e+01 2.530222282819158075e-25
2.504203994924105814e+01 2.524565294644159298e-25
2.521579743585680333e+01 2.518997587019472478e-25
2.539076056163837691e+01 2.513516957647047596e-25
2.556693769207162603e+01 2.508121268534932682e-25
2.574433725068747236e+01 2.502808444160586842e-25
2.592296771946456246e+01 2.497576469431165683e-25
2.610283763923488465e+01 2.492423387998609487e-25
2.628395561009211789e+01 2.487347300542731783e-25
2.646633029180280161e+01 2.482346362930352483e-25
2.664997040422045060e+01 2.477418784819234417e-25
2.683488472770237721e+01 2.472562827587927121e-25
2.702108210352958650e+01 2.467776803308484413e-25
2.720857143432946046e+01 2.463059072909173152e-25
2.739736168450142983e+01 2.458408044797744817e-25
2.758746188064564109e+01 2.453822173344023366e-25
2.777888111199438370e+01 2.449299957656580669e-25
2.797162853084689971e+01 2.444839940021647400e-25
2.816571335300678314e+01 2.440440704818247472e-25
2.836114485822271192e+01 2.436100877061002428e-25
2.855793239063217115e+01 2.431819121288946740e-25
2.875608535920806474e+01 2.427594140306694114e-25
2.895561323820880162e+01 2.423424674012703811e-25
2.915652556763112102e+01 2.419309498354329990e-25
2.935883195366627163e+01 2.415247424166008093e-25
2.956254206915940230e+01 2.411237296116237822e-25
2.976766565407184473e+01 2.407277991692109841e-25
2.997421251594705538e+01 2.403368420176738654e-25
3.018219253037934635e+01 2.399507521749066274e-25
3.039161564148614758e+01 2.395694266461100399e-25
3.060249186238350916e+01 2.391927653451072942e-25
3.081483127566470870e+01 2.388206709816241957e-25
3.102864403388251446e+01 2.384530490090394970e-25
3.124394036003446828e+01 2.380898075167265584e-25
3.146073054805171409e+01 2.377308571598226576e-25
3.167902496329126549e+01 2.373761110803100641e-25
3.189883404303140679e+01 2.370254848211036113e-25
3.212016829697096654e+01 2.366788962781622503e-25
3.234303830773163213e+01 2.363362656018180544e-25
3.256745473136400904e+01 2.359975151442555442e-25
3.279342829785717583e+01 2.356625693867066192e-25
3.302096981165151846e+01 2.353313548824414229e-25
3.325009015215560737e+01 2.350038001798180496e-25
3.348080027426610883e+01 2.346798357771040713e-25
3.371311120889170354e+01 2.343593940552192058e-25
3.394703406348055807e+01 2.340424092235882810e-25
3.418258002255118555e+01 2.337288172621298084e-25
3.441976034822749142e+01 2.334185558724801308e-25
3.465858638077703091e+01 2.331115644226117503e-25
3.489906953915329524e+01 2.328077838976684615e-25
3.514122132154175659e+01 2.325071568510804898e-25
3.538505330590944453e+01 2.322096273604330817e-25
3.563057715055874297e+01 2.319151409768453559e-25
3.587780459468464045e+01 2.316236446843400756e-25
3.612674745893606598e+01 2.313350868576883549e-25
3.637741764598116134e+01 2.310494172168602629e-25
3.662982714107614868e+01 2.307665867913024687e-25
3.688398801263866744e+01 2.304865478789798396e-25
3.713991241282458589e+01 2.302092540080236984e-25
3.739761257810909711e+01 2.299346599035474339e-25
3.765710082987187235e+01 2.296627214471358433e-25
3.791838957498595164e+01 2.293933956476611891e-25
3.818149130641122468e+01 2.291266406056499704e-25
3.844641860379156384e+01 2.288624154793738599e-25
3.871318413405634118e+01 2.286006804591793866e-25
3.898180065202618039e+01 2.283413967311461048e-25
3.925228100102253848e+01 2.280845264524150799e-25
3.952463811348211919e+01 2.278300327210850745e-25
3.979888501157492442e+01 2.275778795481701211e-25
4.007503480782702354e+01 2.273280318326145731e-25
4.035310070574752928e+01 2.270804553345663580e-25
4.063309600045972303e+01 2.268351166514283922e-25
4.091503407933696224e+01 2.265919831920790719e-25
4.119892842264259514e+01 2.263510231557244863e-25
4.148479260417452963e+01 2.261122055072849441e-25
4.177264029191434958e+01 2.258754999564951884e-25
4.206248524868058780e+01 2.256408769367365906e-25
4.235434133278702973e+01 2.254083075840183934e-25
4.264822249870512394e+01 2.251777637175840737e-25
4.294414279773126708e+01 2.249492178201603749e-25
4.324211637865862912e+01 2.247226430189424455e-25
4.354215748845361134e+01 2.244980130687980917e-25
4.384428047293715025e+01 2.242753023332293141e-25
4.414849977747045529e+01 2.240544857682921884e-25
4.445482994764580553e+01 2.238355389060113744e-25
4.476328562998200056e+01 2.236184378381415802e-25
4.507388157262457895e+01 2.234031592007588055e-25
4.538663262605113857e+01 2.231896801596147382e-25
4.570155374378115454e+01 2.229779783953892135e-25
4.601865998309111916e+01 2.227680320893550143e-25
4.633796650573440701e+01 2.225598199109934415e-25
4.665948857866618482e+01 2.223533210026429083e-25
4.698324157477347285e+01 2.221485149689829041e-25
4.730924097361000236e+01 2.219453818632002163e-25
4.763750236213646616e+01 2.217439021754687185e-25
4.796804143546572874e+01 2.215440568216035083e-25
4.830087399761322331e+01 2.213458271311081499e-25
4.863601596225270640e+01 2.211491948367932224e-25
4.897348335347697201e+01 2.209541420640437350e-25
4.931329230656412221e+01 2.207606513209484182e-25
4.965545906874899629e+01 2.205687054874646047e-25
4.999999999999999289e+01 2.203782878068966759e-25
5.034693157380139894e+01 2.201893818755078602e-25
5.069627037794075619e+01 2.200019716345387639e-25
5.104803311530231724e+01 2.198160413605283237e-25
5.140223660466548239e+01 2.196315756575522832e-25
5.175889778150880716e+01 2.194485594486963592e-25
5.211803369882010628e+01 2.192669779676726713e-25
5.247966152791137517e+01 2.190868167522123152e-25
5.284379855924019154e+01 2.189080616353063233e-25
5.321046220323622578e+01 2.187306987389656257e-25
5.357966999113354944e+01 2.185547144665142619e-25
5.395143957580922489e+01 2.183800954963972344e-25
5.432578873262691133e+01 2.182068287748275619e-25
5.470273536028711447e+01 2.180349015103247308e-25
5.508229748168283635e+01 2.178643011665390824e-25
5.546449324476112963e+01 2.176950154571666063e-25
5.584934092339118195e+01 2.175270323395400625e-25
5.623685891823758709e+01 2.173603400089470272e-25
5.662706575764056538e+01 2.171949268938465034e-25
5.701998009850164806e+01 2.170307816497507023e-25
5.741562072717555054e+01 2.168678931546480543e-25
5.781400656036881713e+01 2.167062505038103246e-25
5.821515664604383034e+01 2.165458430050819114e-25
5.861909016432991848e+01 2.163866601740624316e-25
5.902582642844026850e+01 2.162286917298162580e-25
5.943538488559515542e+01 2.160719275903943451e-25
5.984778511795219202e+01 2.159163578683744679e-25
6.026304684354212071e+01 2.157619728671648889e-25
6.068118991721201638e+01 2.156087630767511349e-25
6.110223433157442230e+01 2.154567191699065431e-25
6.152620021796307270e+01 2.153058319983822818e-25
6.195310784739583454e+01 2.151560925894351882e-25
6.238297763154347564e+01 2.150074921423010094e-25
6.281583012370606411e+01 2.148600220246754965e-25
6.325168601979518002e+01 2.147136737695092531e-25
6.369056615932391452e+01 2.145684390718645744e-25
6.413249152640305795e+01 2.144243097857973101e-25
6.457748325074419427e+01 2.142812779213419512e-25
6.502556260867048366e+01 2.141393356416801121e-25
6.547675102413337811e+01 2.139984752603411093e-25
6.593107006973741591e+01 2.138586892383819225e-25
6.638854146777151755e+01 2.137199701820265175e-25
6.684918709124731606e+01 2.135823108398218847e-25
6.731302896494554489e+01 2.134457041004372472e-25
6.778008926646843690e+01 2.133101429901271050e-25
6.825039032730067845e+01 2.131756206705575810e-25
6.872395463387690029e+01 2.130421304365411606e-25
6.920080482865657245e+01 2.129096657138506855e-25
6.968096371120716981e+01 2.127782200572071918e-25
7.016445423929364722e+01 2.126477871482448359e-25
7.065129952997666862e+01 2.125183607936468631e-25
7.114152286071765730e+01 2.123899349231141147e-25
7.163514767049153420e+01 2.122625035877536366e-25
7.213219756090792600e+01 2.121360609582250715e-25
7.263269629733905219e+01 2.120106013230507479e-25
7.313666781005647977e+01 2.118861190870335386e-25
7.364413619537515387e+01 2.117626087697130597e-25
7.415512571680521603e+01 2.116400650037669065e-25
7.466966080621266144e+01 2.115184825336528200e-25
7.518776606498691706e+01 2.113978562141406962e-25
7.570946626521758560e+01 2.112781810089980529e-25
7.623478635087872135e+01 2.111594519896360993e-25
7.676375143902112086e+01 2.110416643339834191e-25
7.729638682097392177e+01 2.109248133251239583e-25
7.783271796355309391e+01 2.108088943502410091e-25
7.837277051027973584e+01 2.106939028995052657e-25
7.891657028260588902e+01 2.105798345649587014e-25
7.946414328114889258e+01 2.104666850395178778e-25
8.001551568693507477e+01 2.103544501160224379e-25
8.057071386265099022e+01 2.102431256862716132e-25
8.112976435390434915e+01 2.101327077400988438e-25
8.169269389049308927e+01 2.100231923645816257e-25
8.225952938768311640e+01 2.099145757431710938e-25
8.283029794749575103e+01 2.098068541549153696e-25
8.340502686000294830e+01 2.097000239737573861e-25
8.398374360463265020e+01 2.095940816677460678e-25
8.456647585148242285e+01 2.094890237984844447e-25
8.515325146264220280e+01 2.093848470203773819e-25
8.574409849352703361e+01 2.092815480801164743e-25
8.633904519421778900e+01 2.091791238160277853e-25
8.693812001081251140e+01 2.090775711576477041e-25
8.754135158678624862e+01 2.089768871251063166e-25
8.814876876436026976e+01 2.088770688287400431e-25
8.876040058588178283e+01 2.087781134686013747e-25
8.937627629521176686e+01 2.086800183340875819e-25
8.999642533912381737e+01 2.085827808035325065e-25
9.062087736871187360e+01 2.084863983438876624e-25
9.124966224080760924e+01 2.083908685103812965e-25
9.188281001940860904e+01 2.082961889462133109e-25
9.252035097711508627e+01 2.082023573823537304e-25
9.316231559657798300e+01 2.081093716372502059e-25
9.380873457195606591e+01 2.080172296166510478e-25
9.445963881038331067e+01 2.079259293134221519e-25
9.511505943344727143e+01 2.078354688073954244e-25
9.577502777867637462e+01 2.077458462652444376e-25
9.643957540103887993e+01 2.076570599403967720e-25
9.710873407445130567e+01 2.075691081729637625e-25
9.778253579329744127e+01 2.074819893896611068e-25
9.846101277395865736e+01 2.073957021038613033e-25
9.914419745635355241e+01 2.073102449155468608e-25
9.983212250548965017e+01 2.072256165113536908e-25
1.005248208130249452e+02 2.071418156646364028e-25
1.012223254988401777e+02 2.070588412355904913e-25
1.019246699126232016e+02 2.069766921712971512e-25
1.026318876354625900e+02 2.068953675059071329e-25
1.033440124814540866e+02 2.068148663608021430e-25
1.040610784993169489e+02 2.067351879447684823e-25
1.047831199740216306e+02 2.066563315542317084e-25
1.055101714284298140e+02 2.065782965734777068e-25
1.062422676249441338e+02 2.065010824749441765e-25
1.069794435671710602e+02 2.064246888195108994e-25
1.077217345015942129e+02 2.063491152568114529e-25
1.084691759192592002e+02 2.062743615255952708e-25
1.092218035574714037e+02 2.062004274541212512e-25
1.099796534015037253e+02 2.061273129605327427e-25
1.107427616863179480e+02 2.060550180533267559e-25
1.115111648982969115e+02 2.059835428318114870e-25
1.122848997769886807e+02 2.059128874866082226e-25
1.130640033168639604e+02 2.058430523001745026e-25
1.138485127690839818e+02 2.057740376473899856e-25
1.146384656432825437e+02 2.057058439961295707e-25
1.154338997093584709e+02 2.056384719079276441e-25
1.162348529992823813e+02 2.055719220386464575e-25
1.170413638089146957e+02 2.055061951391720574e-25
1.178534706998363788e+02 2.054412920561993184e-25
1.186712125011934233e+02 2.053772137330211081e-25
1.194946283115525034e+02 2.053139612103640131e-25
1.203237575007711939e+02 2.052515356273133524e-25
1.211586397118800136e+02 2.051899382222647535e-25
1.219993148629774993e+02 2.051291703339132438e-25
1.228458231491396191e+02 2.050692334023857887e-25
1.236982050443406962e+02 2.050101289703079154e-25
1.245565013033894104e+02 2.049518586841146183e-25
1.254207529638770353e+02 2.048944242953077477e-25
1.262910013481392184e+02 2.048378276618531723e-25
1.271672880652325262e+02 2.047820707497123655e-25
1.280496550129229547e+02 2.047271556344420190e-25
1.289381443796900157e+02 2.046730845029523023e-25
1.298327986467436119e+02 2.046198596553665089e-25
1.307336605900545976e+02 2.045674835071014509e-25
1.316407732824011134e+02 2.045159585911225492e-25
1.325541800954269434e+02 2.044652875603156229e-25
1.334739247017160153e+02 2.044154731902752669e-25
1.344000510768803451e+02 2.043665183821843317e-25
1.353326035016620494e+02 2.043184261661438320e-25
1.362716265640515019e+02 2.042711997048433821e-25
1.372171651614182508e+02 2.042248422976156413e-25
1.381692645026584785e+02 2.041793573850612184e-25
1.391279701103562729e+02 2.041347485542690602e-25
1.400933278229597363e+02 2.040910195446933264e-25
1.410653837969736628e+02 2.040481742549485280e-25
1.420441845091651771e+02 2.040062167505271520e-25
1.430297767587870794e+02 2.039651512728183670e-25
1.440222076698148612e+02 2.039249822495097476e-25
1.450215246931995523e+02 2.038857143068021066e-25
1.460277756091373931e+02 2.038473522837826003e-25
1.470410085293531779e+02 2.038099012494384247e-25
1.480612718994017030e+02 2.037733665229267003e-25
1.490886145009836525e+02 2.037377536979619162e-25
1.501230854542774296e+02 2.037030686722319417e-25
1.511647342202889490e+02 2.036693176833022612e-25
1.522136106032151304e+02 2.036365073525083596e-25
1.532697647528263190e+02 2.036046447393887555e-25
1.543332471668637140e+02 2.035737374094075046e-25
1.554041086934531677e+02 2.035437935190971371e-25
1.564824005335376569e+02 2.035148219240787373e-25
1.575681742433239378e+02 2.034868323173450556e-25
1.586614817367487831e+02 2.034598354081208819e-25
1.597623752879606513e+02 2.034338431556541552e-25
1.608709075338185528e+02 2.034088690786365434e-25
1.619871314764099282e+02 2.033849286693499625e-25
1.631111004855834778e+02 2.033620399561748322e-25
1.642428683015021704e+02 2.033402242784900026e-25
1.653824890372121104e+02 2.033195073718022856e-25
1.665300171812293968e+02 2.032999209145205128e-25
1.676855076001465932e+02 2.032815047767452888e-25
1.688490155412545448e+02 2.032643103624167825e-25
1.700205966351852851e+02 2.032484057005263193e-25
1.712003068985712559e+02 2.032338834208816432e-25
1.723882027367231728e+02 2.032208736541447241e-25
1.735843409463281262e+02 2.032095656795622220e-25
1.747887787181637407e+02 2.032002458501220213e-25
1.760015736398339357e+02 2.031933675072811576e-25
1.772227836985217664e+02 2.031896880263891846e-25
1.784524672837614503e+02 2.031905585108164605e-25
1.796906831902314536e+02 2.031985974206461092e-25
1.809374906205640059e+02 2.032194651361190106e-25
1.821929491881772094e+02 2.032674142059519160e-25
1.834571189201246852e+02 2.033876897005451077e-25
1.847300602599650858e+02 2.037960688636241675e-25
1.860118340706534639e+02 2.073316829042767504e-25
1.873025016374496374e+02 2.177009168497674928e-25
1.886021246708498609e+02 2.040605772035950412e-25
1.899107653095367994e+02 2.034077593321401682e-25
1.912284861233499385e+02 2.032484523896385667e-25
1.925553501162786176e+02 2.031885579101148726e-25
1.938914207294728271e+02 2.031618328907309512e-25
1.952367618442779644e+02 2.031497024096252001e-25
1.965914377852884911e+02 2.031453423558123369e-25
1.979555133234229061e+02 2.031457800243700863e-25
1.993290536790221097e+02 2.031495588593982000e-25
2.007121245249660717e+02 2.031559015159567344e-25
2.021047919898154817e+02 2.031643658206523499e-25
2.035071226609719020e+02 2.031746879511224237e-25
2.049191835878630457e+02 2.031867049241835604e-25
2.063410422851477790e+02 2.032003136975503925e-25
2.077727667359437476e+02 2.032154483954086807e-25
2.092144253950791892e+02 2.032320670392557501e-25
2.106660871923644152e+02 2.032501435129089559e-25
2.121278215358888133e+02 2.032696625324564624e-25
2.135996983153390261e+02 2.032906164049402345e-25
2.150817879053397235e+02 2.033130028858293671e-25
2.165741611688201260e+02 2.033368237306919336e-25
2.180768894604002526e+02 2.033620836962898716e-25
2.195900446298042823e+02 2.033887898394358386e-25
2.211136990252950341e+02 2.034169510167927239e-25
2.226479254971327464e+02 2.034465775230341708e-25
2.241927974010595221e+02 2.034776808257284713e-25
2.257483886018050612e+02 2.035102733688512417e-25
2.273147734766199335e+02 2.035443684257964657e-25
2.288920269188310215e+02 2.035799799883855605e-25
2.304802243414216605e+02 2.036171226825351160e-25
2.320794416806390643e+02 2.036558117037642011e-25
2.336897553996231522e+02 2.036960627676356132e-25
2.353112424920640535e+02 2.037378920716786551e-25
2.369439804858827756e+02 2.037813162659837071e-25
2.385880474469372530e+02 2.038263524306780334e-25
2.402435219827566755e+02 2.038730180586420435e-25
2.419104832462978152e+02 2.039213310424596289e-25
2.435890109397315086e+02 2.039713096646609625e-25
2.452791853182525017e+02 2.040229725906727936e-25
2.469810871939160108e+02 2.040763388638557026e-25
2.486947979395033599e+02 2.041314279023849781e-25
2.504203994924105814e+02 2.041882594974331229e-25
2.521579743585679125e+02 2.042468538126575042e-25
2.539076056163837620e+02 2.043072313845771775e-25
2.556693769207162745e+02 2.043694131238615222e-25
2.574433725068748231e+02 2.044334203172441162e-25
2.592296771946456033e+02 2.044992746300448144e-25
2.610283763923487186e+02 2.045669981092472708e-25
2.628395561009211860e+02 2.046366131869948174e-25
2.646633029180280232e+02 2.047081426844551315e-25
2.664997040422045984e+02 2.047816098160628289e-25
2.683488472770237649e+02 2.048570381940808873e-25
2.702108210352957371e+02 2.049344518334114713e-25
2.720857143432946259e+02 2.050138751567049942e-25
2.739736168450143055e+02 2.050953329996699310e-25
2.758746188064563967e+02 2.051788506166151599e-25
2.777888111199438299e+02 2.052644536862630570e-25
2.797162853084688550e+02 2.053521683176849166e-25
2.816571335300678243e+02 2.054420210565013625e-25
2.836114485822271263e+02 2.055340388912247363e-25
2.855793239063216902e+02 2.056282492598644124e-25
2.875608535920806617e+02 2.057246800566781984e-25
2.895561323820878670e+02 2.058233596391440961e-25
2.915652556763112102e+02 2.059243168351586892e-25
2.935883195366627092e+02 2.060275809504386018e-25
2.956254206915940017e+02 2.061331817761814388e-25
2.976766565407184544e+02 2.062411495969942653e-25
2.997421251594703904e+02 2.063515151990627878e-25
3.018219253037934777e+02 2.064643098787412557e-25
3.039161564148614616e+02 2.065795654514234260e-25
3.060249186238351058e+02 2.066973142609357507e-25
3.081483127566470444e+02 2.068175891894228246e-25
3.102864403388250025e+02 2.069404236678820192e-25
3.124394036003446899e+02 2.070658516875367345e-25
3.146073054805171409e+02 2.071939078121791588e-25
3.167902496329126620e+02 2.073246271918868645e-25
3.189883404303140537e+02 2.074580455783968505e-25
3.212016829697095091e+02 2.075941993428517415e-25
3.234303830773163213e+02 2.077331254966711957e-25
3.256745473136401188e+02 2.078748617167489014e-25
3.279342829785717299e+02 2.080194463768689954e-25
3.302096981165151988e+02 2.081669185879644942e-25
3.325009015215558748e+02 2.083173182514950235e-25
3.348080027426610741e+02 2.084706861324890981e-25
3.371311120889170638e+02 2.086270639630463536e-25
3.394703406348055523e+02 2.087864945940012514e-25
3.418258002255118981e+02 2.089490222254068931e-25
3.441976034822747579e+02 2.091146927701179034e-25
3.465858638077702949e+02 2.092835544513530289e-25
3.489906953915329382e+02 2.094556588301482353e-25
3.514122132154175802e+02 2.096310626654681064e-25
3.538505330590944027e+02 2.098098314917570542e-25
3.563057715055872450e+02 2.099920470194912976e-25
3.587780459468463619e+02 2.101778238972179293e-25
3.612674745893606314e+02 2.103673523895232900e-25
3.637741764598115992e+02 2.105610256988746279e-25
3.662982714107614584e+02 2.107599180894850679e-25
3.688398801263868449e+02 2.109683996482272496e-25
3.713991241282458873e+02 2.112258817447512980e-25
3.739761257810910138e+02 2.164098311466577459e-25
3.765710082987187093e+02 2.116161086671319251e-25
3.791838957498594596e+02 2.117982619946475651e-25
3.818149130641124316e+02 2.120099038818572107e-25
3.844641860379156242e+02 2.122296194311413764e-25
3.871318413405634260e+02 2.124545415825291224e-25
3.898180065202618039e+02 2.126839797664111159e-25
3.925228100102253848e+02 2.129177312527308658e-25
3.952463811348213767e+02 2.131557449138289341e-25
3.979888501157492442e+02 2.133980276118599019e-25
4.007503480782701786e+02 2.136446120020009534e-25
4.035310070574753354e+02 2.138955436977212508e-25
4.063309600045972161e+02 2.141508755627789509e-25
4.091503407933698213e+02 2.144106649496404088e-25
4.119892842264259230e+02 2.146749722718831550e-25
4.148479260417452679e+02 2.149438602266153824e-25
4.177264029191435384e+02 2.152173933532830701e-25
4.206248524868058780e+02 2.154956377756585239e-25
4.235434133278704962e+02 2.157786610481851734e-25
4.264822249870512110e+02 2.160665320638814926e-25
4.294414279773124008e+02 2.163593209999536770e-25
4.324211637865862485e+02 2.166570992871702967e-25
4.354215748845361418e+02 2.169599395945135083e-25
4.384428047293717441e+02 2.172679158241759031e-25
4.414849977747045386e+02 2.175811031134550276e-25
4.445482994764578280e+02 2.178995778414604967e-25
4.476328562998199914e+02 2.182234176394576099e-25
4.507388157262458321e+02 2.185527014035914341e-25
4.538663262605115847e+02 2.188875093096385698e-25
4.570155374378115312e+02 2.192279228292570738e-25
4.601865998309110068e+02 2.195740247473535167e-25
4.633796650573440843e+02 2.199258991805381059e-25
4.665948857866619051e+02 2.202836315963654161e-25
4.698324157477349559e+02 2.206473088333891953e-25
4.730924097361000236e+02 2.210170191218608920e-25
4.763750236213644484e+02 2.213928521051835286e-25
4.796804143546572732e+02 2.217748988620375821e-25
4.830087399761322331e+02 2.221632519292717162e-25
4.863601596225273056e+02 2.225580053256231548e-25
4.897348335347697343e+02 2.229592545764940727e-25
4.931329230656409663e+02 2.233670967399609693e-25
4.965545906874899629e+02 2.237816304344002092e-25
4.999999999999999432e+02 2.242029558684348888e-25
5.034693157380134494e+02 2.246311748740774403e-25
5.069627037794076045e+02 2.250663909447413997e-25
5.104803311530232008e+02 2.255087092807665580e-25
5.140223660466548381e+02 2.259582368471911568e-25
5.175889778150880147e+02 2.264150824522291308e-25
5.211803369882004517e+02 2.268793568623336019e-25
5.247966152791137802e+02 2.273511729854946060e-25
5.284379855924019012e+02 2.278306461890220526e-25
5.321046220323622720e+02 2.283178949016065178e-25
5.357966999113355087e+02 2.288130418678848761e-25
5.395143957580917231e+02 2.293162170662769898e-25
5.432578873262691559e+02 2.298275654842806488e-25
5.470273536028711305e+02 2.303472720013210654e-25
5.508229748168283777e+02 2.308756659096630124e-25
5.546449324476112679e+02 2.314139258450141605e-25
5.584934092339112794e+02 2.319805632772680127e-25
5.623685891823758993e+02 2.325400659666937996e-25
5.662706575764057106e+02 2.330751640751696920e-25
5.701998009850165090e+02 2.336448310765393718e-25
5.741562072717555338e+02 2.342251135360578642e-25
5.781400656036876171e+02 2.348150118764828935e-25
5.821515664604382891e+02 2.354144590500572631e-25
5.861909016432991848e+02 2.360235377966786913e-25
5.902582642844026850e+02 2.366423710350385826e-25
5.943538488559515827e+02 2.372710967131815725e-25
5.984778511795212808e+02 2.379098601985444646e-25
6.026304684354212213e+02 2.385588115235971015e-25
6.068118991721202065e+02 2.392181042597510578e-25
6.110223433157442514e+02 2.398878950186127223e-25
6.152620021796307128e+02 2.405683432220721702e-25
6.195310784739577912e+02 2.412596109977768274e-25
6.238297763154347422e+02 2.419618631373855332e-25
6.281583012370599590e+02 2.426752670881497516e-25
6.325168601979518144e+02 2.433999929631651210e-25
6.369056615932391878e+02 2.441362135626764174e-25
6.413249152640298689e+02 2.448841044021842669e-25
6.457748325074419427e+02 2.456438437450247983e-25
6.502556260867041829e+02 2.464156126380335907e-25
6.547675102413337527e+02 2.471995949495462832e-25
6.593107006973741591e+02 2.479959774091511768e-25
6.638854146777144933e+02 2.488049496491443285e-25
6.684918709124732459e+02 2.496267042474926755e-25
6.731302896494547667e+02 2.504614367725252288e-25
6.778008926646843975e+02 2.513093458296553459e-25
6.825039032730068129e+02 2.521706331108392427e-25
6.872395463387682639e+02 2.530455034479927980e-25
6.920080482865656677e+02 2.539341648728126453e-25
6.968096371120709591e+02 2.548368286874744434e-25
7.016445423929365006e+02 2.557537095555980939e-25
7.065129952997667715e+02 2.566850256332991059e-25
7.114152286071758908e+02 2.576309987871768606e-25
7.163514767049153988e+02 2.585918550182982961e-25
7.213219756090785495e+02 2.595678254369082265e-25
7.263269629733905504e+02 2.605591489542585997e-25
7.313666781005648545e+02 2.615660816305473707e-25
7.364413619537507429e+02 2.625889422386440031e-25
7.415512571680520750e+02 2.636285354441644458e-25
7.466966080621258470e+02 2.647707677786859581e-25
7.518776606498690853e+02 2.657558146088379226e-25
7.570946626521758844e+02 2.668426918490074692e-25
7.623478635087872135e+02 2.679478994731358395e-25
7.676375143902112086e+02 2.690705861898000293e-25
7.729638682097383935e+02 2.702109019784471883e-25
7.783271796355309107e+02 2.713690896845354712e-25
7.837277051027973584e+02 2.725454140867232417e-25
7.891657028260589186e+02 2.737401496272778824e-25
7.946414328114889258e+02 2.749536634211099244e-25
8.001551568693499803e+02 2.761859773540543635e-25
8.057071386265098454e+02 2.774376452143724535e-25
8.112976435390434062e+02 2.787088740989168488e-25
8.169269389049309211e+02 2.799999629853107105e-25
8.225952938768310787e+02 2.813112156684878637e-25
8.283029794749566008e+02 2.826429406300156623e-25
8.340502686000294261e+02 2.839954510770898554e-25
8.398374360463265020e+02 2.853690650025687836e-25
8.456647585148242570e+02 2.867641052522430167e-25
8.515325146264220848e+02 2.881808995963110130e-25
8.574409849352695119e+02 2.896197808043590362e-25
8.633904519421778332e+02 2.910810867238849588e-25
8.693812001081250855e+02 2.925651603633219129e-25
8.754135158678624293e+02 2.940723499817140906e-25
8.814876876436027260e+02 2.956030091898690896e-25
8.876040058588170041e+02 2.971574970740823207e-25
8.937627629521176686e+02 2.987361783700371166e-25
8.999642533912381168e+02 3.003394237639694153e-25
9.062087736871186507e+02 3.019676105697745008e-25
9.124966224080760639e+02 3.036211247646503809e-25
9.188281001940850956e+02 3.053003696488125903e-25
9.252035097711509479e+02 3.070058293905191522e-25
9.316231559657798016e+02 3.087402901756024776e-25
9.380873457195606306e+02 3.104972626502457371e-25
9.445963881038330783e+02 3.122822653221002232e-25
9.511505943344717480e+02 3.140959138373918426e-25
9.577502777867638315e+02 3.159377908780902492e-25
9.643957540103887141e+02 3.178082713223808413e-25
9.710873407445130852e+02 3.197077812101677154e-25
9.778253579329743843e+02 3.216367609931159566e-25
9.846101277395855504e+02 3.235956600128162866e-25
9.914419745635356094e+02 3.255849352627868781e-25
9.983212250548965585e+02 3.276050510832035780e-25
1.005248208130249395e+03 3.296564791229824095e-25
1.012223254988401777e+03 3.317396983950482851e-25
1.019246699126230965e+03 3.338551953698325422e-25
1.026318876354625900e+03 3.360034640870680574e-25
1.033440124814540923e+03 3.381850062780357459e-25
1.040610784993169545e+03 3.404003314951794821e-25
1.047831199740216334e+03 3.426499572480819591e-25
1.055101714284297032e+03 3.449344091464512710e-25
1.062422676249441338e+03 3.472542210527998587e-25
1.069794435671710517e+03 3.496099352518862351e-25
1.077217345015942101e+03 3.520021026563616602e-25
1.084691759192592144e+03 3.544312831075071470e-25
1.092218035574712985e+03 3.568980459857889464e-25
1.099796534015037196e+03 3.594029721439476192e-25
1.107427616863179537e+03 3.619466644739183990e-25
1.115111648982969200e+03 3.645299025234324655e-25
1.122848997769886864e+03 3.671551929510030285e-25
1.130640033168638411e+03 3.698161458351288655e-25
1.138485127690839818e+03 3.725207624833386757e-25
1.146384656432824158e+03 3.752672510024264620e-25
1.154338997093584794e+03 3.780562125079297620e-25
1.162348529992823842e+03 3.808882955388658649e-25
1.170413638089145707e+03 3.837641641566310854e-25
1.178534706998363845e+03 3.866844943908826652e-25
1.186712125011933040e+03 3.896499736588819411e-25
1.194946283115524921e+03 3.926613007535781843e-25
1.203237575007711939e+03 3.957191859845025723e-25
1.211586397118798914e+03 3.988243513720435183e-25
1.219993148629774851e+03 4.019775308658870869e-25
1.228458231491394827e+03 4.051794705779150732e-25
1.236982050443406933e+03 4.084309290267584283e-25
1.245565013033894047e+03 4.117326773949953782e-25
1.254207529638769074e+03 4.150854998045278266e-25
1.262910013481392070e+03 4.184901936282835190e-25
1.271672880652324011e+03 4.219475699005219780e-25
1.280496550129229490e+03 4.254584540959666237e-25
1.289381443796900385e+03 4.290236889576069065e-25
1.298327986467434812e+03 4.326441606309589305e-25
1.307336605900545919e+03 4.363675603589089912e-25
1.316407732824009827e+03 4.400540806997904053e-25
1.325541800954269320e+03 4.438453029789495135e-25
1.334739247017160324e+03 4.476953269557994918e-25
1.344000510768802087e+03 4.516050426696241759e-25
1.353326035016620381e+03 4.555753907027659485e-25
1.362716265640513711e+03 4.596073316411644960e-25
1.372171651614182565e+03 4.637018437411278065e-25
1.381692645026584842e+03 4.678599228070300639e-25
1.391279701103562729e+03 4.720825824468400587e-25
1.400933278229597590e+03 4.763708544278862067e-25
1.410653837969735150e+03 4.807257890720146786e-25
1.420441845091651885e+03 4.851484556740718176e-25
1.430297767587870794e+03 4.896399429404814487e-25
1.440222076698148840e+03 4.942013594526982207e-25
1.450215246931995580e+03 4.988338341751234701e-25
1.460277756091372339e+03 5.035385170893675343e-25
1.470410085293531665e+03 5.083165804001080407e-25
1.480612718994017087e+03 5.131692245524832320e-25
1.490886145009836582e+03 5.180979166604216774e-25
1.501230854542774523e+03 5.231031333484384602e-25
1.511647342202888012e+03 5.281867968240184254e-25
1.522136106032151247e+03 5.333500849210649144e-25
1.532697647528263133e+03 5.385942570996110843e-25
1.543332471668637027e+03 5.439206443439670337e-25
1.554041086934531677e+03 5.493306062882008754e-25
1.564824005335374977e+03 5.548255294511351623e-25
1.575681742433239378e+03 5.604068275151727701e-25
1.586614817367487831e+03 5.660759419106692098e-25
1.597623752879606627e+03 5.718343424846815579e-25
1.608709075338185585e+03 5.776835282104749895e-25
1.619871314764097406e+03 5.836250279303070976e-25
1.631111004855834835e+03 5.896604011386899930e-25
1.642428683015021534e+03 5.957912388477011749e-25
1.653824890372120990e+03 6.020191647628859070e-25
1.665300171812294138e+03 6.083458389026395886e-25
1.676855076001464113e+03 6.147730678153188463e-25
1.688490155412545391e+03 6.213022275973905996e-25
1.700205966351852794e+03 6.279353685746408110e-25
1.712003068985712616e+03 6.346742561763161479e-25
1.723882027367231785e+03 6.415206959379894366e-25
1.735843409463279386e+03 6.484765588674857693e-25
1.747887787181637350e+03 6.555437571392057407e-25
1.760015736398339186e+03 6.627242438006696201e-25
1.772227836985217436e+03 6.700200136351299112e-25
1.784524672837614617e+03 6.774331042098333173e-25
1.796906831902312661e+03 6.849655969890795357e-25
1.809374906205639945e+03 6.926196184922424368e-25
1.821929491881772037e+03 7.003973415082471126e-25
1.834571189201246852e+03 7.083009864517371593e-25
1.847300602599651029e+03 7.163328235616485050e-25
1.860118340706532763e+03 7.244951936327359991e-25
1.873025016374496317e+03 7.327904416140771578e-25
1.886021246708498438e+03 7.412209115092931459e-25
1.899107653095367823e+03 7.497892089002680366e-25
1.912284861233499214e+03 7.584978173473010222e-25
1.925553501162784187e+03 7.673493229380632777e-25
1.938914207294728385e+03 7.763463712111336957e-25
1.952367618442779758e+03 7.854916672433367394e-25
1.965914377852884854e+03 7.947879768690812627e-25
1.979555133234229061e+03 8.042381280341894770e-25
1.993290536790218994e+03 8.138450121742408516e-25
2.007121245249660660e+03 8.236115856064751585e-25
2.021047919898152713e+03 8.335408710060653379e-25
2.035071226609719133e+03 8.436359597544642763e-25
2.049191835878630627e+03 8.539000546824783030e-25
2.063410422851475687e+03 8.643362513034098153e-25
2.077727667359437419e+03 8.749479617609674152e-25
2.092144253950789789e+03 8.857385433002947452e-25
2.106660871923644208e+03 8.967114301700068211e-25
2.121278215358888247e+03 9.078701399309758261e-25
2.135996983153388101e+03 9.192182650015949723e-25
2.150817879053397064e+03 9.307594725508239428e-25
2.165741611688199100e+03 9.424975045501398648e-25
2.180768894604002526e+03 9.544361775968320399e-25
2.195900446298042880e+03 9.665793824350925041e-25
2.211136990252948181e+03 9.789310832470876917e-25
2.226479254971327464e+03 9.914953186382653303e-25
2.241927974010592607e+03 1.004276995272167033e-24
2.257483886018050725e+03 1.017277861054341271e-24
2.273147734766199392e+03 1.030504581728816191e-24
2.288920269188307884e+03 1.043960647197821729e-24
2.304802243414216719e+03 1.057650406962312835e-24
2.320794416806388199e+03 1.071578260434449719e-24
2.336897553996231636e+03 1.085748647947151105e-24
2.353112424920640478e+03 1.100166041468792351e-24
2.369439804858825028e+03 1.114834933668631000e-24
2.385880474469372530e+03 1.129759825007508904e-24
2.402435219827564197e+03 1.144945208812320901e-24
2.419104832462978266e+03 1.160395563081817082e-24
2.435890109397314973e+03 1.176115280930861769e-24
2.452791853182522573e+03 1.192108719739720262e-24
2.469810871939159824e+03 1.208380144817773363e-24
2.486947979395030870e+03 1.224933661889347766e-24
2.504203994924105700e+03 1.241773212042212756e-24
2.521579743585678898e+03 1.258902518216817836e-24
2.539076056163837620e+03 1.276325032181928246e-24
2.556693769207162859e+03 1.294043873413471927e-24
2.574433725068745844e+03 1.312061758423397255e-24
2.592296771946456374e+03 1.330380919557789516e-24
2.610283763923487186e+03 1.349003076031748784e-24
2.628395561009212088e+03 1.367928984552877978e-24
2.646633029180280118e+03 1.387158997055788845e-24
2.664997040422043483e+03 1.406692237881075505e-24
2.683488472770237877e+03 1.426526763831702482e-24
2.702108210352957030e+03 1.446659311574054234e-24
2.720857143432946032e+03 1.467085072906805035e-24
2.739736168450142941e+03 1.487797438085582948e-24
2.758746188064561011e+03 1.508787700831548521e-24
2.777888111199438299e+03 1.530044719967427813e-24
2.797162853084688322e+03 1.551554619275099457e-24
2.816571335300678584e+03 1.573299886021779984e-24
2.836114485822271490e+03 1.595259777287804268e-24
2.855793239063214060e+03 1.617408824804665685e-24
2.875608535920806389e+03 1.639716620001694476e-24
2.895561323820878897e+03 1.662146974752320971e-24
2.915652556763111988e+03 1.684657065723210692e-24
2.935883195366627206e+03 1.707196470504607652e-24
2.956254206915937175e+03 1.729706085735525626e-24
2.976766565407184771e+03 1.752116925795752609e-24
2.997421251594703790e+03 1.774348750893607098e-24
3.018219253037934777e+03 1.796308651587074220e-24
3.039161564148614616e+03 1.817889420457148257e-24
3.060249186238348102e+03 1.838967829209914283e-24
3.081483127566470557e+03 1.859402842497032386e-24
3.102864403388249684e+03 1.879033759141692600e-24
3.124394036003446672e+03 1.897678364862788695e-24
3.146073054805171523e+03 1.915131176153813793e-24
3.167902496329123551e+03 1.931161923485517408e-24
3.189883404303140651e+03 1.945514164685768787e-24
3.212016829697095091e+03 1.957905001723197878e-24
3.234303830773163099e+03 1.968024822260114543e-24
3.256745473136400960e+03 1.975538626888607614e-24
3.279342829785714002e+03 1.980088489000758930e-24
3.302096981165152101e+03 1.981297696209719236e-24
3.325009015215558520e+03 1.978776846383653529e-24
3.348080027426610741e+03 1.972132149195592312e-24
3.371311120889170525e+03 1.960976027825626439e-24
3.394703406348052340e+03 1.944940123075781369e-24
3.418258002255118754e+03 1.923690272465425115e-24
3.441976034822747806e+03 1.896943046392849404e-24
3.465858638077703290e+03 1.864483018934022938e-24
3.489906953915329723e+03 1.826179630567038220e-24
3.514122132154172050e+03 1.782002377529459148e-24
3.538505330590944141e+03 1.732033006280188596e-24
3.563057715055871995e+03 1.676473341137514211e-24
3.587780459468463505e+03 1.615648420747752547e-24
3.612674745893606541e+03 1.550003771570701142e-24
3.637741764598112240e+03 1.480098036217936250e-24
3.662982714107614811e+03 1.406591561350651884e-24
3.688398801263864698e+03 1.330232816585734408e-24
3.713991241282458759e+03 1.251844859650555198e-24
3.739761257810910138e+03 1.172314353601593171e-24
3.765710082987183341e+03 1.092585685011047026e-24
3.791838957498594937e+03 1.013662790444611071e-24
3.818149130641120337e+03 9.366201851409316296e-25
3.844641860379156242e+03 8.626244111024247148e-25
3.871318413405634146e+03 7.929637976744691785e-25
3.898180065202614060e+03 7.290794121162902700e-25
3.925228100102254302e+03 6.725797963250210586e-25
3.952463811348209674e+03 6.252067912163641903e-25
3.979888501157492556e+03 5.887072588821343311e-25
4.007503480782701899e+03 5.645772741906011965e-25
4.035310070574748806e+03 5.537155663865838359e-25
4.063309600045972275e+03 5.561307785999870921e-25
4.091503407933694234e+03 5.708859044471224336e-25
4.119892842264259343e+03 5.963345897906938790e-25
4.148479260417452679e+03 6.305123977517036174e-25
4.177264029191431291e+03 6.714877989426586484e-25
4.206248524868058666e+03 7.175708855045188487e-25
4.235434133278700756e+03 7.673866872649424246e-25
4.264822249870511769e+03 8.198653649012553095e-25
4.294414279773124690e+03 8.741967702912821733e-25
4.324211637865858393e+03 9.297774161928599320e-25
4.354215748845361304e+03 9.861627852487928652e-25
4.384428047293712552e+03 1.043028158792207844e-24
4.414849977747045159e+03 1.100138536688075232e-24
4.445482994764578507e+03 1.157325846223103068e-24
4.476328562998200141e+03 1.214472200367835731e-24
4.507388157262457753e+03 1.271496014964535846e-24
4.538663262605111413e+03 1.328345119131061252e-24
4.570155374378115084e+03 1.384987236310099214e-24
4.601865998309110182e+03 1.441405982282097897e-24
4.633796650573441184e+03 1.497596655917108666e-24
4.665948857866618710e+03 1.553563247370603830e-24
4.698324157477344670e+03 1.609316129013235811e-24
4.730924097361000349e+03 1.664870373441708368e-24
4.763750236213644712e+03 1.720244356181614274e-24
4.796804143546572959e+03 1.775458757434265974e-24
4.830087399761322558e+03 1.830535761705999873e-24
4.863601596225267713e+03 1.885498441012107759e-24
4.897348335347696775e+03 1.940370279051273999e-24
4.931329230656409891e+03 1.995174797636947010e-24
4.965545906874899629e+03 2.049935264713797694e-24
4.999999999999999091e+03 2.104674466063628849e-24
